(6, 6, 1, 0, 5, UP) 68
(6, 6, 1, 0, 4, UP) 41
(7, 6, 1, 0, 4, UP) 81
(7, 6, 1, 0, 3, UP) 18
(8, 6, 1, 0, 2, UP) 17
(8, 6, 1, 0, 1, UP) 37
(9, 7, 1, 0, 0, UP) 23
(10, 7, 1, 0, 0, UP) 19
(11, 7, 1, 0, 0, UP) 18
(9, 7, 1, 0, 1, DOWN) 25
(9, 7, 1, 0, 1, UP) 38
(11, 7, 1, 0, 0, DOWN) 1
(7, 6, 1, 0, 4, DOWN) 14
(8, 6, 1, 0, 3, UP) 49
(10, 7, 1, 0, 1, UP) 32
(10, 7, 1, 0, 1, DOWN) 25
(11, 7, 1, 0, 1, UP) 19
(11, 7, 1, 0, 1, DOWN) 16
(6, 6, 1, 0, 6, DOWN) 711
(7, 6, 1, 0, 5, UP) 42
(7, 6, 1, 0, 6, DOWN) 38
(8, 6, 1, 0, 4, UP) 50
(9, 7, 1, 0, 3, UP) 29
(9, 7, 1, 0, 2, UP) 19
(6, 6, 1, 0, 6, UP) 24
(8, 6, 1, 0, 5, DOWN) 22
(9, 7, 1, 0, 4, UP) 37
(10, 7, 1, 0, 2, UP) 18
(7, 6, 1, 0, 6, UP) 26
(8, 6, 1, 0, 6, DOWN) 44
(8, 6, 1, 0, 5, UP) 18
(9, 7, 1, 0, 4, DOWN) 35
(10, 7, 1, 0, 3, UP) 20
(11, 7, 1, 0, 2, UP) 18
(11, 7, 1, 0, 3, DOWN) 20
(6, 6, 1, 0, 6, HOLD) 32
(7, 6, 1, 0, 6, HOLD) 24
(9, 7, 1, 0, 5, UP) 28
(9, 7, 1, 0, 6, DOWN) 27
(10, 7, 1, 0, 4, UP) 41
(11, 7, 1, 0, 3, UP) 20
(8, 6, 1, 0, 5, HOLD) 20
(11, 7, 1, 0, 4, DOWN) 12
(9, 7, 1, 0, 6, UP) 24
(10, 7, 1, 0, 6, DOWN) 16
(10, 7, 1, 0, 5, UP) 20
(11, 7, 1, 0, 4, UP) 38
(6, 6, 1, 0, 7, DOWN) 679
(7, 6, 1, 0, 7, DOWN) 66
(7, 6, 1, 0, 7, UP) 15
(8, 6, 1, 0, 6, UP) 15
(8, 6, 1, 0, 6, HOLD) 17
(9, 7, 1, 0, 6, HOLD) 15
(11, 7, 1, 0, 5, DOWN) 15
(11, 7, 1, 0, 6, DOWN) 19
(11, 7, 1, 0, 5, UP) 21
(6, 6, 1, 0, 5, HOLD) 11
(7, 6, 1, 0, 5, HOLD) 24
(10, 7, 1, 0, 6, UP) 30
(8, 6, 1, 0, 7, UP) 17
(8, 6, 1, 0, 7, DOWN) 23
(9, 7, 1, 0, 7, DOWN) 646
(7, 6, 1, 0, 7, HOLD) 1956
(9, 7, 1, 0, 7, UP) 27
(9, 7, 1, 0, 5, HOLD) 21
(10, 7, 1, 0, 5, HOLD) 17
(11, 7, 1, 0, 5, HOLD) 17
(10, 7, 1, 0, 6, HOLD) 10
(11, 7, 1, 0, 6, HOLD) 21
(7, 6, 1, 0, 5, DOWN) 23
(9, 7, 1, 0, 5, DOWN) 24
(8, 6, 1, 0, 4, HOLD) 19
(7, 6, 1, 0, 4, HOLD) 33
(10, 7, 1, 0, 5, DOWN) 16
(8, 6, 1, 0, 8, DOWN) 38
(8, 6, 1, 0, 9, DOWN) 16
(8, 6, 1, 0, 8, UP) 16
(10, 7, 1, 0, 7, UP) 668
(11, 7, 1, 0, 6, UP) 18
(8, 6, 1, 0, 4, DOWN) 27
(9, 7, 1, 0, 9, DOWN) 39
(9, 7, 1, 0, 8, UP) 15
(7, 6, 1, 0, 8, DOWN) 1
(7, 6, 1, 0, 9, DOWN) 1
(9, 7, 1, 0, 4, HOLD) 21
(8, 6, 1, 0, 3, HOLD) 34
(10, 7, 1, 0, 4, HOLD) 17
(11, 7, 1, 0, 4, HOLD) 17
(8, 6, 1, 0, 8, HOLD) 1
(10, 7, 1, 0, 9, DOWN) 6
(10, 7, 1, 0, 8, UP) 27
(11, 7, 1, 0, 7, UP) 1318
(12, 8, -1, 0, 6, UP) 481
(11, 8, -1, 0, 6, HOLD) 8
(10, 7, -1, 0, 6, HOLD) 18
(10, 7, -1, 0, 6, DOWN) 4
(9, 7, -1, 0, 7, DOWN) 4
(9, 7, -1, 0, 6, UP) 4
(8, 7, -1, 0, 6, UP) 65
(8, 7, -1, 0, 5, UP) 4
(7, 7, -1, 0, 4, UP) 39
(7, 7, -1, 0, 3, UP) 21
(6, 7, -1, 0, 3, UP) 68
(6, 7, -1, 0, 2, UP) 8
(5, 7, -1, 0, 1, UP) 31
(4, 7, -1, 0, 0, UP) 29
(3, 7, -1, 0, 0, UP) 23
(2, 7, -1, 0, 0, UP) 37
(1, 7, -1, 0, 0, UP) 25
(0, 7, -1, 0, 0, UP) 21
(0, 7, 1, 0, 0, UP) 17
(1, 7, 1, 0, 0, UP) 16
(2, 7, 1, 0, 0, UP) 15
(3, 7, 1, 0, 0, UP) 16
(4, 6, 1, 0, 0, UP) 17
(5, 6, 1, 0, 0, UP) 15
(6, 6, 1, 0, 0, UP) 16
(7, 6, 1, 0, 0, UP) 20
(8, 6, 1, 0, 0, UP) 15
(9, 6, 1, 0, 0, UP) 16
(10, 6, 1, 0, 0, UP) 20
(11, 6, 1, 0, 0, UP) 15
(9, 7, 1, 0, 8, DOWN) 5
(5, 7, -1, 0, 2, UP) 40
(4, 7, -1, 0, 1, UP) 24
(4, 7, 1, 0, 0, UP) 18
(5, 7, 1, 0, 0, UP) 16
(6, 7, 1, 0, 0, UP) 15
(7, 7, 1, 0, 0, UP) 18
(8, 6, 1, 0, 7, HOLD) 1927
(11, 7, 1, 0, 7, DOWN) 654
(12, 8, -1, 0, 7, DOWN) 177
(11, 7, -1, 0, 7, UP) 126
(11, 7, -1, 0, 7, DOWN) 139
(10, 7, -1, 0, 8, DOWN) 142
(10, 7, -1, 0, 7, UP) 26
(10, 6, -1, 0, 7, UP) 17
(9, 6, -1, 0, 6, UP) 31
(9, 6, -1, 0, 7, DOWN) 9
(8, 6, -1, 0, 6, UP) 16
(8, 5, -1, 0, 6, UP) 10
(8, 5, -1, 0, 5, UP) 2
(7, 5, -1, 0, 4, UP) 20
(7, 5, -1, 0, 3, UP) 25
(6, 4, -1, 0, 3, UP) 23
(6, 4, -1, 0, 2, UP) 26
(6, 4, -1, 0, 1, UP) 13
(5, 4, -1, 0, 1, UP) 26
(5, 3, -1, 0, 0, UP) 5
(4, 3, -1, 0, 0, UP) 10
(3, 2, -1, 0, 0, UP) 8
(2, 2, -1, 0, 0, UP) 20
(2, 1, -1, 0, 0, UP) 5
(1, 1, -1, 0, 0, UP) 12
(0, 0, -1, 0, 0, UP) 6
(0, 0, 1, 0, 0, UP) 15
(1, 0, 1, 0, 0, UP) 19
(2, 1, 1, 0, 0, UP) 16
(3, 1, 1, 0, 0, UP) 17
(3, 2, 1, 0, 0, UP) 17
(4, 2, 1, 0, 0, UP) 15
(5, 2, 1, 0, 0, UP) 17
(5, 3, 1, 0, 0, UP) 17
(6, 3, 1, 0, 0, UP) 15
(6, 4, 1, 0, 0, UP) 15
(7, 4, 1, 0, 0, UP) 19
(8, 5, 1, 0, 0, UP) 16
(9, 5, 1, 0, 0, UP) 16
(11, 6, 1, 0, 0, DOWN) 2
(11, 7, 1, 0, 0, HOLD) 11
(9, 7, 1, 0, 8, HOLD) 44
(11, 8, -1, 0, 6, UP) 462
(11, 8, -1, 0, 5, UP) 327
(10, 8, -1, 0, 4, UP) 495
(10, 8, -1, 0, 3, UP) 104
(9, 8, -1, 0, 3, UP) 206
(9, 8, -1, 0, 2, UP) 59
(8, 8, -1, 0, 1, UP) 70
(8, 8, -1, 0, 0, UP) 7
(7, 8, -1, 0, 0, UP) 25
(6, 8, -1, 0, 0, UP) 28
(5, 8, -1, 0, 0, UP) 31
(5, 9, -1, 0, 0, UP) 33
(4, 9, -1, 0, 0, UP) 11
(3, 9, -1, 0, 0, UP) 13
(2, 9, -1, 0, 0, UP) 18
(1, 9, -1, 0, 0, UP) 22
(0, 9, -1, 0, 0, UP) 20
(0, 9, 1, 0, 0, UP) 16
(1, 9, 1, 0, 0, UP) 15
(2, 10, 1, 0, 0, UP) 16
(3, 10, 1, 0, 0, UP) 16
(4, 10, 1, 0, 0, UP) 17
(5, 10, 1, 0, 0, UP) 15
(6, 10, 1, 0, 0, UP) 16
(7, 10, 1, 0, 0, UP) 15
(8, 10, 1, 0, 0, UP) 17
(9, 11, 1, 0, 0, UP) 15
(10, 11, 1, 0, 0, UP) 18
(11, 11, 1, 0, 0, UP) 16
(10, 7, 1, 0, 8, DOWN) 630
(4, 8, -1, 0, 0, UP) 23
(3, 8, -1, 0, 0, UP) 27
(2, 8, -1, 0, 0, UP) 27
(1, 8, -1, 0, 0, UP) 13
(0, 8, -1, 0, 0, UP) 12
(0, 8, 1, 0, 0, UP) 16
(1, 8, 1, 0, 0, UP) 18
(2, 8, 1, 0, 0, UP) 15
(2, 9, 1, 0, 0, UP) 17
(3, 9, 1, 0, 0, UP) 18
(4, 9, 1, 0, 0, UP) 17
(5, 9, 1, 0, 0, UP) 15
(6, 9, 1, 0, 0, UP) 15
(7, 9, 1, 0, 0, UP) 17
(8, 9, 1, 0, 0, UP) 16
(9, 9, 1, 0, 0, UP) 18
(10, 9, 1, 0, 0, UP) 19
(11, 9, 1, 0, 0, UP) 16
(9, 7, 1, 0, 3, HOLD) 21
(10, 7, 1, 0, 4, DOWN) 20
(10, 7, 1, 0, 9, UP) 2
(11, 7, 1, 0, 8, UP) 2
(11, 7, -1, 0, 8, DOWN) 52
(10, 7, -1, 0, 9, DOWN) 142
(10, 7, -1, 0, 8, UP) 26
(10, 7, -1, 0, 8, HOLD) 35
(9, 7, -1, 0, 8, HOLD) 43
(9, 7, -1, 0, 7, UP) 34
(8, 7, -1, 0, 7, UP) 161
(7, 7, -1, 0, 6, UP) 84
(7, 7, -1, 0, 5, UP) 44
(6, 7, -1, 0, 4, UP) 60
(5, 7, -1, 0, 3, UP) 55
(3, 6, -1, 0, 0, UP) 21
(2, 6, -1, 0, 0, UP) 20
(1, 6, -1, 0, 0, UP) 22
(0, 6, -1, 0, 0, UP) 10
(0, 6, 1, 0, 0, UP) 19
(1, 6, 1, 0, 0, UP) 16
(2, 6, 1, 0, 0, UP) 17
(3, 6, 1, 0, 0, UP) 17
(4, 5, 1, 0, 0, UP) 16
(5, 5, 1, 0, 0, UP) 16
(6, 5, 1, 0, 0, UP) 19
(7, 5, 1, 0, 0, UP) 16
(10, 5, 1, 0, 0, UP) 16
(11, 5, 1, 0, 0, UP) 18
(10, 7, -1, 0, 9, HOLD) 116
(9, 7, -1, 0, 9, HOLD) 109
(9, 7, -1, 0, 8, UP) 106
(6, 7, -1, 0, 5, UP) 19
(5, 6, -1, 0, 4, UP) 32
(5, 6, -1, 0, 3, UP) 20
(4, 6, -1, 0, 3, UP) 25
(4, 6, -1, 0, 2, UP) 19
(3, 6, -1, 0, 1, UP) 47
(0, 5, -1, 0, 0, UP) 22
(0, 5, 1, 0, 0, UP) 15
(1, 5, 1, 0, 0, UP) 16
(2, 5, 1, 0, 0, UP) 17
(3, 5, 1, 0, 0, UP) 17
(5, 4, 1, 0, 0, UP) 15
(8, 4, 1, 0, 0, UP) 15
(9, 4, 1, 0, 0, UP) 17
(10, 4, 1, 0, 0, UP) 24
(10, 3, 1, 0, 0, UP) 16
(11, 3, 1, 0, 0, UP) 18
(9, 9, -1, 0, 2, UP) 59
(8, 9, -1, 0, 1, UP) 59
(8, 9, -1, 0, 0, UP) 3
(7, 9, -1, 0, 0, UP) 14
(6, 9, -1, 0, 0, UP) 30
(6, 10, -1, 0, 0, UP) 26
(5, 10, -1, 0, 0, UP) 36
(4, 10, -1, 0, 0, UP) 22
(3, 11, -1, 0, 0, UP) 26
(2, 11, -1, 0, 0, UP) 27
(1, 11, -1, 0, 0, UP) 27
(0, 11, -1, 0, 0, UP) 20
(0, 11, 1, 0, 0, UP) 19
(1, 10, 1, 0, 0, UP) 19
(6, 8, 1, 0, 0, UP) 17
(7, 8, 1, 0, 0, UP) 15
(8, 8, 1, 0, 0, UP) 15
(8, 8, 1, 0, 0, DOWN) 5
(9, 7, 1, 0, 2, DOWN) 23
(10, 7, 1, 0, 3, DOWN) 25
(11, 6, 1, 0, 1, UP) 17
(10, 9, -1, 0, 4, UP) 314
(10, 10, -1, 0, 3, UP) 41
(9, 10, -1, 0, 3, UP) 145
(9, 10, -1, 0, 2, UP) 58
(8, 11, -1, 0, 1, UP) 94
(8, 11, -1, 0, 0, UP) 8
(7, 11, -1, 0, 0, UP) 34
(7, 10, -1, 0, 0, UP) 12
(3, 5, -1, 0, 0, UP) 6
(2, 5, -1, 0, 0, UP) 12
(2, 4, -1, 0, 0, UP) 13
(1, 4, -1, 0, 0, UP) 17
(1, 3, -1, 0, 0, UP) 13
(0, 2, -1, 0, 0, UP) 21
(0, 2, 1, 0, 0, UP) 16
(0, 1, 1, 0, 0, UP) 19
(2, 0, 1, 0, 0, UP) 17
(4, 3, 1, 0, 0, UP) 19
(8, 7, 1, 0, 0, UP) 18
(9, 8, 1, 0, 0, UP) 17
(10, 10, 1, 0, 0, UP) 17
(11, 10, 1, 0, 0, UP) 15
(5, 7, -1, 0, 4, UP) 20
(4, 7, -1, 0, 3, UP) 25
(3, 7, -1, 0, 2, UP) 20
(3, 7, -1, 0, 1, UP) 44
(2, 7, -1, 0, 1, UP) 32
(10, 8, -1, 0, 5, UP) 126
(8, 9, -1, 0, 2, UP) 45
(7, 9, -1, 0, 1, UP) 27
(3, 10, -1, 0, 0, UP) 18
(2, 10, -1, 0, 0, UP) 15
(1, 11, 1, 0, 0, UP) 16
(2, 11, 1, 0, 0, UP) 15
(3, 11, 1, 0, 0, UP) 16
(10, 8, 1, 0, 0, UP) 20
(11, 8, 1, 0, 0, UP) 15
(9, 9, -1, 0, 3, UP) 197
(8, 10, -1, 0, 1, UP) 75
(6, 11, -1, 0, 0, UP) 30
(5, 11, -1, 0, 0, UP) 25
(4, 11, -1, 0, 0, UP) 39
(7, 3, 1, 0, 0, UP) 16
(8, 3, 1, 0, 0, UP) 18
(9, 3, 1, 0, 0, UP) 18
(9, 2, 1, 0, 0, UP) 17
(10, 2, 1, 0, 0, UP) 23
(11, 1, 1, 0, 0, UP) 54
(12, 1, -1, 0, 0, UP) 19
(11, 0, -1, 0, 0, UP) 9
(10, 0, -1, 0, 0, UP) 14
(9, 0, -1, 0, 0, UP) 15
(8, 1, -1, 0, 0, UP) 6
(7, 1, -1, 0, 0, UP) 6
(7, 2, -1, 0, 0, UP) 3
(6, 2, -1, 0, 0, UP) 4
(6, 3, -1, 0, 0, UP) 1
(4, 4, -1, 0, 0, UP) 3
(3, 4, -1, 0, 0, UP) 1
(4, 11, 1, 0, 0, UP) 15
(5, 11, 1, 0, 0, UP) 16
(6, 11, 1, 0, 0, UP) 15
(10, 8, 1, 0, 0, DOWN) 3
(10, 7, 1, 0, 0, HOLD) 12
(8, 8, -1, 0, 2, UP) 51
(1, 10, -1, 0, 0, UP) 9
(8, 6, -1, 0, 7, HOLD) 59
(7, 5, -1, 0, 5, UP) 22
(6, 5, -1, 0, 3, UP) 11
(5, 4, -1, 0, 0, UP) 4
(3, 3, -1, 0, 0, UP) 16
(1, 2, -1, 0, 0, UP) 32
(0, 1, -1, 0, 0, UP) 12
(3, 0, 1, 0, 0, UP) 20
(4, 1, 1, 0, 0, UP) 15
(5, 1, 1, 0, 0, UP) 15
(6, 2, 1, 0, 0, UP) 18
(9, 7, 1, 0, 7, HOLD) 1263
(9, 8, -1, 0, 4, UP) 50
(8, 9, -1, 0, 3, UP) 76
(7, 10, -1, 0, 1, UP) 45
(0, 10, -1, 0, 0, UP) 16
(0, 10, 1, 0, 0, UP) 16
(4, 8, 1, 0, 0, UP) 15
(5, 8, 1, 0, 0, UP) 18
(9, 10, 1, 0, 0, UP) 16
(8, 6, -1, 0, 9, HOLD) 17
(8, 6, -1, 0, 8, UP) 10
(7, 6, -1, 0, 9, DOWN) 31
(7, 6, -1, 0, 8, UP) 71
(7, 6, -1, 0, 7, UP) 43
(6, 6, -1, 0, 7, UP) 44
(6, 6, -1, 0, 6, UP) 40
(6, 5, -1, 0, 6, UP) 69
(5, 5, -1, 0, 5, UP) 35
(5, 5, -1, 0, 4, UP) 64
(4, 5, -1, 0, 3, UP) 37
(3, 5, -1, 0, 2, UP) 38
(3, 5, -1, 0, 1, UP) 28
(3, 4, -1, 0, 1, UP) 19
(0, 3, -1, 0, 0, UP) 8
(0, 3, 1, 0, 0, UP) 17
(1, 3, 1, 0, 0, UP) 24
(2, 2, 1, 0, 0, UP) 16
(6, 1, 1, 0, 0, UP) 17
(7, 1, 1, 0, 0, UP) 22
(7, 0, 1, 0, 0, UP) 21
(8, 0, 1, 0, 0, UP) 30
(9, 0, 1, 0, 0, UP) 35
(10, 0, 1, 0, 0, UP) 28
(11, 0, 1, 0, 0, UP) 17
(12, 0, -1, 0, 0, UP) 5
(8, 0, -1, 0, 0, UP) 8
(7, 0, -1, 0, 0, UP) 2
(6, 0, -1, 0, 0, UP) 2
(5, 0, -1, 0, 0, UP) 1
(4, 0, -1, 0, 0, UP) 3
(3, 0, -1, 0, 0, UP) 4
(2, 0, -1, 0, 0, UP) 2
(1, 0, -1, 0, 0, UP) 3
(4, 0, 1, 0, 0, UP) 17
(5, 0, 1, 0, 0, UP) 18
(6, 0, 1, 0, 0, UP) 16
(6, 1, -1, 0, 0, UP) 5
(5, 1, -1, 0, 0, UP) 3
(4, 2, -1, 0, 0, UP) 6
(1, 4, 1, 0, 0, UP) 15
(2, 4, 1, 0, 0, UP) 16
(3, 4, 1, 0, 0, UP) 24
(10, 6, 1, 0, 0, DOWN) 1
(3, 8, 1, 0, 0, UP) 15
(10, 9, -1, 0, 3, UP) 112
(8, 10, -1, 0, 0, UP) 5
(3, 3, 1, 0, 0, UP) 16
(10, 1, 1, 0, 0, UP) 27
(11, 2, 1, 0, 0, UP) 33
(12, 2, -1, 0, 0, UP) 13
(11, 2, -1, 0, 0, UP) 8
(10, 2, -1, 0, 0, UP) 8
(9, 3, -1, 0, 0, UP) 11
(8, 3, -1, 0, 0, UP) 8
(7, 4, -1, 0, 0, UP) 11
(6, 4, -1, 0, 0, UP) 3
(5, 5, -1, 0, 0, UP) 5
(4, 5, -1, 0, 0, UP) 3
(7, 11, 1, 0, 0, UP) 15
(8, 11, 1, 0, 0, UP) 15
(9, 6, -1, 0, 7, UP) 27
(9, 6, -1, 0, 7, HOLD) 30
(8, 6, -1, 0, 7, UP) 8
(7, 5, -1, 0, 6, UP) 31
(6, 5, -1, 0, 4, UP) 35
(5, 4, -1, 0, 3, UP) 39
(5, 4, -1, 0, 2, UP) 26
(4, 4, -1, 0, 1, UP) 27
(2, 3, -1, 0, 0, UP) 21
(7, 2, 1, 0, 0, UP) 18
(11, 4, 1, 0, 0, UP) 15
(7, 7, -1, 0, 7, DOWN) 10
(7, 6, -1, 0, 7, HOLD) 44
(6, 6, -1, 0, 7, HOLD) 41
(5, 6, -1, 0, 6, UP) 32
(5, 6, -1, 0, 5, UP) 30
(4, 6, -1, 0, 4, UP) 25
(3, 5, -1, 0, 3, UP) 37
(2, 5, -1, 0, 1, UP) 49
(1, 5, -1, 0, 0, UP) 14
(0, 4, 1, 0, 0, UP) 16
(8, 2, 1, 0, 0, UP) 20
(11, 1, -1, 0, 0, UP) 13
(10, 1, -1, 0, 0, UP) 8
(9, 2, -1, 0, 0, UP) 5
(8, 2, -1, 0, 0, UP) 2
(5, 2, -1, 0, 0, UP) 5
(2, 3, 1, 0, 0, UP) 15
(4, 4, 1, 0, 0, UP) 16
(8, 7, -1, 0, 7, HOLD) 12
(4, 5, -1, 0, 4, UP) 44
(0, 4, -1, 0, 0, UP) 14
(9, 1, 1, 0, 0, UP) 25
(8, 7, 1, 0, 0, DOWN) 6
(9, 1, -1, 0, 0, UP) 7
(6, 5, -1, 0, 0, UP) 9
(6, 6, -1, 0, 0, UP) 4
(5, 6, -1, 0, 0, UP) 10
(5, 7, -1, 0, 0, UP) 10
(4, 8, -1, 0, 0, DOWN) 3
(3, 9, -1, 0, 1, DOWN) 34
(8, 1, 1, 0, 0, UP) 17
(1, 2, 1, 0, 0, UP) 15
(4, 10, -1, 0, 0, DOWN) 5
(3, 9, -1, 0, 1, UP) 48
(2, 8, -1, 0, 0, DOWN) 5
(10, 3, -1, 0, 0, UP) 8
(8, 4, -1, 0, 0, UP) 6
(7, 5, -1, 0, 0, UP) 5
(4, 6, -1, 0, 0, UP) 12
(1, 7, -1, 0, 0, DOWN) 10
(10, 9, 1, 0, 0, DOWN) 1
(5, 5, -1, 0, 3, UP) 10
(4, 4, -1, 0, 2, UP) 27
(1, 1, 1, 0, 0, UP) 15
(9, 9, -1, 0, 4, UP) 41
(8, 10, -1, 0, 3, UP) 28
(8, 10, -1, 0, 2, UP) 46
(7, 11, -1, 0, 1, UP) 101
(4, 9, -1, 0, 0, DOWN) 1
(9, 11, -1, 0, 2, UP) 15
(1, 0, 1, 0, 0, DOWN) 1
(8, 8, -1, 0, 3, UP) 34
(7, 8, -1, 0, 1, UP) 48
(1, 8, -1, 0, 1, DOWN) 21
(0, 8, 1, 0, 0, DOWN) 1
(1, 8, 1, 0, 1, DOWN) 19
(8, 11, -1, 0, 2, UP) 18
(3, 10, 1, 0, 0, DOWN) 1
(10, 7, 1, 0, 2, DOWN) 25
(1, 9, -1, 0, 0, DOWN) 2
(0, 8, -1, 0, 1, UP) 30
(5, 5, -1, 0, 6, UP) 33
(2, 4, -1, 0, 1, UP) 21
(9, 4, -1, 0, 0, UP) 7
(8, 5, -1, 0, 0, UP) 5
(7, 6, -1, 0, 0, UP) 4
(7, 7, -1, 0, 0, UP) 3
(3, 10, -1, 0, 0, DOWN) 2
(2, 9, -1, 0, 1, DOWN) 24
(2, 8, -1, 0, 1, DOWN) 25
(9, 8, 1, 0, 0, DOWN) 4
(2, 9, -1, 0, 1, UP) 41
(1, 8, -1, 0, 1, UP) 36
(6, 7, -1, 0, 0, UP) 6
(5, 8, -1, 0, 0, DOWN) 1
(4, 9, -1, 0, 1, DOWN) 31
(0, 9, 1, 0, 0, DOWN) 2
(11, 3, -1, 0, 0, UP) 2
(0, 7, -1, 0, 0, DOWN) 1
(0, 8, 1, 0, 1, DOWN) 15
(1, 8, 1, 0, 1, UP) 23
(2, 9, 1, 0, 1, DOWN) 18
(3, 9, 1, 0, 1, UP) 16
(5, 6, -1, 0, 2, UP) 16
(5, 6, -1, 0, 1, UP) 9
(7, 4, 1, 0, 0, DOWN) 1
(9, 6, -1, 0, 8, HOLD) 25
(8, 6, -1, 0, 8, HOLD) 58
(8, 6, -1, 0, 9, DOWN) 40
(7, 5, -1, 0, 7, UP) 29
(6, 5, -1, 0, 5, UP) 24
(5, 4, -1, 0, 4, UP) 8
(4, 4, -1, 0, 3, UP) 30
(3, 3, 1, 0, 0, DOWN) 4
(4, 3, 1, 0, 1, DOWN) 22
(6, 2, 1, 0, 0, DOWN) 2
(6, 1, 1, 0, 1, DOWN) 29
(7, 1, 1, 0, 1, UP) 36
(9, 3, -1, 0, 0, DOWN) 4
(0, 10, 1, 0, 0, DOWN) 4
(7, 10, -1, 0, 0, DOWN) 1
(1, 1, 1, 0, 0, DOWN) 5
(1, 0, 1, 0, 1, DOWN) 32
(10, 9, 1, 0, 1, DOWN) 13
(10, 9, 1, 0, 1, UP) 32
(4, 4, 1, 0, 0, DOWN) 9
(5, 3, 1, 0, 1, DOWN) 12
(5, 3, 1, 0, 1, UP) 34
(7, 1, 1, 0, 1, DOWN) 9
(5, 9, -1, 0, 0, DOWN) 11
(2, 11, -1, 0, 0, DOWN) 2
(1, 10, -1, 0, 1, DOWN) 21
(0, 9, -1, 0, 0, DOWN) 1
(2, 5, 1, 0, 0, DOWN) 1
(3, 4, 1, 0, 1, DOWN) 19
(4, 3, 1, 0, 1, UP) 29
(5, 2, 1, 0, 1, UP) 30
(5, 2, 1, 0, 1, DOWN) 37
(6, 1, 1, 0, 1, UP) 24
(3, 4, -1, 0, 2, UP) 18
(1, 3, 1, 0, 0, DOWN) 1
(4, 2, 1, 0, 0, DOWN) 4
(5, 1, 1, 0, 0, DOWN) 3
(8, 1, -1, 0, 0, DOWN) 2
(7, 1, -1, 0, 1, DOWN) 4
(6, 1, -1, 0, 1, UP) 13
(4, 1, -1, 0, 0, UP) 4
(3, 1, -1, 0, 0, DOWN) 2
(0, 2, 1, 0, 0, DOWN) 2
(1, 3, 1, 0, 1, DOWN) 14
(6, 4, 1, 0, 0, DOWN) 1
(7, 4, 1, 0, 1, DOWN) 12
(8, 4, 1, 0, 0, DOWN) 5
(9, 4, 1, 0, 1, DOWN) 31
(10, 4, 1, 0, 1, UP) 32
(7, 11, -1, 0, 0, DOWN) 2
(6, 10, -1, 0, 1, DOWN) 51
(0, 3, 1, 0, 0, DOWN) 2
(2, 1, 1, 0, 0, DOWN) 2
(3, 0, 1, 0, 1, DOWN) 34
(10, 5, 1, 0, 0, DOWN) 1
(4, 5, -1, 0, 5, UP) 4
(3, 5, -1, 0, 4, UP) 4
(2, 5, -1, 0, 3, UP) 11
(2, 4, -1, 0, 2, UP) 30
(1, 4, -1, 0, 1, UP) 30
(2, 3, 1, 0, 0, DOWN) 5
(3, 2, 1, 0, 1, DOWN) 24
(6, 11, -1, 0, 0, DOWN) 4
(0, 4, 1, 0, 0, DOWN) 1
(1, 3, 1, 0, 1, UP) 27
(6, 0, 1, 0, 0, DOWN) 3
(7, 2, 1, 0, 1, DOWN) 14
(7, 2, 1, 0, 1, UP) 27
(9, 3, 1, 0, 0, DOWN) 2
(10, 4, 1, 0, 1, DOWN) 9
(0, 0, 1, 0, 0, DOWN) 6
(2, 0, 1, 0, 1, UP) 42
(2, 0, 1, 0, 1, DOWN) 20
(3, 0, 1, 0, 1, UP) 29
(6, 2, 1, 0, 1, DOWN) 13
(8, 3, 1, 0, 0, DOWN) 1
(1, 10, 1, 0, 1, DOWN) 20
(9, 11, 1, 0, 0, DOWN) 4
(10, 11, 1, 0, 1, DOWN) 24
(1, 9, 1, 0, 0, DOWN) 4
(2, 10, 1, 0, 1, DOWN) 13
(2, 10, 1, 0, 1, UP) 21
(5, 10, 1, 0, 0, DOWN) 2
(6, 10, 1, 0, 1, DOWN) 19
(3, 6, -1, 0, 2, UP) 29
(2, 6, -1, 0, 1, UP) 43
(2, 6, 1, 0, 0, DOWN) 2
(9, 5, 1, 0, 0, DOWN) 5
(0, 7, -1, 0, 1, DOWN) 18
(0, 6, -1, 0, 1, DOWN) 13
(0, 6, 1, 0, 1, UP) 33
(1, 5, 1, 0, 0, DOWN) 1
(5, 1, 1, 0, 1, UP) 38
(2, 6, -1, 0, 0, DOWN) 2
(1, 5, -1, 0, 1, DOWN) 23
(4, 0, 1, 0, 1, DOWN) 13
(4, 0, 1, 0, 1, UP) 27
(5, 1, 1, 0, 1, DOWN) 14
(6, 2, 1, 0, 1, UP) 22
(10, 6, 1, 0, 1, DOWN) 15
(10, 6, 1, 0, 1, HOLD) 3
(11, 7, 1, 0, 1, HOLD) 15
(5, 4, -1, 0, 1, DOWN) 6
(4, 3, -1, 0, 1, UP) 11
(3, 3, -1, 0, 0, DOWN) 1
(1, 0, 1, 0, 1, UP) 19
(4, 1, 1, 0, 0, DOWN) 6
(7, 3, 1, 0, 0, DOWN) 3
(8, 3, 1, 0, 1, DOWN) 12
(9, 4, 1, 0, 1, UP) 30
(1, 6, -1, 0, 1, DOWN) 32
(1, 6, -1, 0, 1, UP) 37
(0, 6, -1, 0, 1, UP) 29
(0, 6, 1, 0, 1, DOWN) 14
(1, 6, 1, 0, 1, UP) 34
(1, 6, 1, 0, 1, DOWN) 18
(4, 5, 1, 0, 0, DOWN) 3
(5, 5, 1, 0, 1, DOWN) 22
(5, 5, 1, 0, 1, UP) 29
(6, 5, 1, 0, 1, DOWN) 14
(7, 11, -1, 0, 1, DOWN) 57
(7, 10, -1, 0, 1, DOWN) 24
(3, 5, -1, 0, 0, DOWN) 1
(2, 5, -1, 0, 1, DOWN) 24
(1, 4, -1, 0, 0, DOWN) 3
(1, 3, -1, 0, 1, DOWN) 12
(0, 3, -1, 0, 1, UP) 17
(0, 1, 1, 0, 0, DOWN) 1
(3, 1, 1, 0, 1, DOWN) 10
(3, 2, 1, 0, 1, UP) 19
(4, 2, 1, 0, 1, DOWN) 10
(5, 4, 1, 0, 0, DOWN) 1
(6, 4, 1, 0, 1, DOWN) 29
(6, 5, 1, 0, 1, UP) 24
(9, 9, 1, 0, 1, DOWN) 20
(6, 9, -1, 0, 1, DOWN) 21
(2, 11, 1, 0, 0, DOWN) 3
(3, 10, 1, 0, 1, DOWN) 18
(3, 10, 1, 0, 1, UP) 17
(8, 10, -1, 0, 1, DOWN) 12
(5, 11, -1, 0, 1, DOWN) 46
(5, 11, -1, 0, 1, UP) 57
(4, 11, -1, 0, 1, DOWN) 34
(4, 10, -1, 0, 1, UP) 19
(3, 10, -1, 0, 1, DOWN) 19
(3, 10, -1, 0, 1, UP) 15
(1, 9, -1, 0, 1, DOWN) 18
(0, 8, -1, 0, 1, DOWN) 11
(0, 7, 1, 0, 1, UP) 33
(0, 7, 1, 0, 1, DOWN) 10
(1, 7, 1, 0, 1, DOWN) 11
(5, 4, 1, 0, 1, DOWN) 19
(5, 4, 1, 0, 1, UP) 28
(11, 0, 1, 0, 0, DOWN) 1
(5, 10, -1, 0, 0, DOWN) 1
(4, 10, -1, 0, 1, DOWN) 18
(0, 5, 1, 0, 1, DOWN) 28
(1, 5, 1, 0, 1, DOWN) 14
(1, 5, 1, 0, 1, UP) 25
(6, 0, 1, 0, 1, DOWN) 16
(7, 0, 1, 0, 1, DOWN) 17
(7, 0, 1, 0, 1, UP) 23
(3, 6, -1, 0, 3, UP) 25
(1, 5, -1, 0, 1, UP) 42
(1, 4, 1, 0, 0, DOWN) 2
(2, 4, 1, 0, 1, DOWN) 17
(2, 4, 1, 0, 1, UP) 23
(3, 4, 1, 0, 1, UP) 23
(3, 3, 1, 0, 1, DOWN) 14
(6, 1, -1, 0, 1, DOWN) 5
(5, 1, -1, 0, 1, DOWN) 3
(5, 1, -1, 0, 1, UP) 9
(3, 1, -1, 0, 0, UP) 2
(2, 1, -1, 0, 1, DOWN) 5
(5, 0, 1, 0, 1, DOWN) 14
(5, 0, 1, 0, 1, UP) 25
(10, 0, 1, 0, 0, DOWN) 2
(11, 0, 1, 0, 1, DOWN) 13
(6, 8, -1, 0, 0, DOWN) 4
(4, 9, -1, 0, 1, UP) 36
(1, 10, 1, 0, 1, UP) 18
(4, 10, 1, 0, 1, UP) 21
(4, 10, 1, 0, 1, DOWN) 9
(5, 11, 1, 0, 1, DOWN) 24
(5, 11, 1, 0, 1, UP) 16
(10, 11, 1, 0, 1, UP) 16
(11, 11, 1, 0, 1, DOWN) 13
(7, 8, -1, 0, 0, DOWN) 1
(7, 9, -1, 0, 1, DOWN) 22
(6, 9, -1, 0, 1, UP) 35
(2, 10, -1, 0, 1, DOWN) 11
(2, 10, -1, 0, 1, UP) 18
(1, 10, -1, 0, 1, UP) 19
(4, 11, 1, 0, 0, DOWN) 4
(9, 11, 1, 0, 1, DOWN) 12
(8, 11, -1, 0, 1, DOWN) 48
(6, 10, -1, 0, 1, UP) 36
(3, 6, -1, 0, 0, DOWN) 4
(2, 6, -1, 0, 1, DOWN) 28
(0, 3, -1, 0, 1, DOWN) 9
(0, 3, 1, 0, 1, UP) 20
(6, 3, 1, 0, 1, DOWN) 24
(7, 4, 1, 0, 1, UP) 28
(9, 6, 1, 0, 0, DOWN) 1
(8, 6, -1, 0, 8, DOWN) 15
(0, 4, -1, 0, 1, DOWN) 11
(0, 4, 1, 0, 1, UP) 20
(0, 4, 1, 0, 1, DOWN) 12
(1, 4, 1, 0, 1, DOWN) 16
(3, 3, 1, 0, 1, UP) 31
(4, 2, 1, 0, 1, UP) 29
(10, 1, 1, 0, 0, DOWN) 2
(8, 9, -1, 0, 1, DOWN) 9
(5, 10, -1, 0, 1, DOWN) 43
(1, 11, -1, 0, 0, DOWN) 3
(0, 10, -1, 0, 1, DOWN) 11
(0, 10, -1, 0, 1, UP) 19
(0, 10, 1, 0, 1, DOWN) 11
(0, 10, 1, 0, 1, UP) 22
(2, 9, 1, 0, 1, UP) 27
(7, 7, 1, 0, 0, DOWN) 2
(7, 6, 1, 0, 1, DOWN) 25
(6, 5, -1, 0, 7, UP) 18
(4, 4, -1, 0, 4, UP) 16
(2, 3, -1, 0, 1, DOWN) 12
(1, 3, -1, 0, 1, UP) 17
(1, 2, 1, 0, 0, DOWN) 4
(2, 1, 1, 0, 1, DOWN) 34
(3, 1, 1, 0, 0, DOWN) 1
(11, 2, -1, 0, 0, DOWN) 3
(10, 1, -1, 0, 1, DOWN) 25
(10, 1, -1, 0, 1, UP) 17
(8, 0, -1, 0, 0, DOWN) 2
(7, 0, -1, 0, 1, DOWN) 8
(7, 0, -1, 0, 1, UP) 16
(6, 0, -1, 0, 1, DOWN) 6
(6, 0, -1, 0, 1, UP) 6
(5, 0, -1, 0, 1, UP) 4
(5, 0, -1, 0, 1, DOWN) 2
(4, 1, -1, 0, 1, DOWN) 2
(3, 1, -1, 0, 1, DOWN) 5
(3, 1, -1, 0, 1, UP) 7
(2, 1, -1, 0, 1, UP) 9
(0, 2, -1, 0, 0, DOWN) 5
(0, 3, 1, 0, 1, DOWN) 11
(6, 6, 1, 0, 0, DOWN) 1
(7, 6, 1, 0, 2, DOWN) 18
(8, 7, 1, 0, 2, DOWN) 16
(9, 7, 1, 0, 3, DOWN) 26
(10, 8, 1, 0, 1, UP) 24
(6, 11, -1, 0, 1, DOWN) 46
(8, 5, 1, 0, 0, DOWN) 1
(10, 7, -1, 0, 4, HOLD) 4
(9, 7, -1, 0, 4, HOLD) 5
(9, 7, -1, 0, 4, UP) 9
(8, 7, -1, 0, 3, UP) 20
(7, 7, -1, 0, 2, UP) 11
(7, 7, -1, 0, 1, UP) 14
(0, 7, -1, 0, 1, UP) 21
(9, 7, 1, 0, 1, HOLD) 33
(5, 8, -1, 0, 1, DOWN) 25
(5, 8, -1, 0, 1, UP) 35
(3, 9, 1, 0, 1, DOWN) 18
(4, 9, 1, 0, 1, UP) 24
(5, 9, 1, 0, 0, DOWN) 2
(6, 9, 1, 0, 1, DOWN) 13
(6, 9, 1, 0, 1, UP) 19
(7, 9, 1, 0, 1, DOWN) 25
(7, 9, 1, 0, 1, UP) 18
(8, 9, 1, 0, 0, DOWN) 2
(0, 5, -1, 0, 0, DOWN) 1
(6, 3, 1, 0, 1, UP) 24
(7, 3, 1, 0, 1, UP) 23
(9, 2, 1, 0, 0, DOWN) 1
(9, 2, 1, 0, 1, DOWN) 25
(10, 2, 1, 0, 1, DOWN) 7
(10, 2, 1, 0, 1, UP) 30
(11, 1, -1, 0, 0, DOWN) 13
(5, 2, -1, 0, 1, UP) 11
(4, 2, -1, 0, 1, DOWN) 6
(4, 2, -1, 0, 1, UP) 11
(3, 2, -1, 0, 1, DOWN) 4
(3, 3, -1, 0, 1, UP) 39
(1, 4, -1, 0, 1, DOWN) 17
(0, 4, -1, 0, 1, UP) 17
(0, 5, 1, 0, 0, DOWN) 4
(2, 6, 1, 0, 1, UP) 27
(4, 7, 1, 0, 0, DOWN) 2
(5, 8, 1, 0, 1, DOWN) 11
(6, 8, 1, 0, 0, DOWN) 1
(9, 10, 1, 0, 0, DOWN) 1
(11, 11, 1, 0, 1, UP) 19
(3, 3, -1, 0, 1, DOWN) 10
(2, 3, -1, 0, 0, DOWN) 1
(0, 1, 1, 0, 1, DOWN) 16
(8, 2, 1, 0, 1, DOWN) 8
(9, 2, 1, 0, 1, UP) 26
(6, 11, -1, 0, 1, UP) 92
(2, 6, 1, 0, 1, DOWN) 10
(2, 5, 1, 0, 1, UP) 26
(3, 5, 1, 0, 1, DOWN) 16
(3, 5, 1, 0, 1, UP) 26
(4, 8, -1, 0, 1, DOWN) 28
(0, 9, -1, 0, 1, DOWN) 12
(0, 9, 1, 0, 1, UP) 30
(0, 9, 1, 0, 1, DOWN) 14
(1, 9, 1, 0, 1, DOWN) 12
(6, 10, 1, 0, 1, UP) 17
(7, 10, 1, 0, 1, DOWN) 14
(7, 10, 1, 0, 1, UP) 17
(8, 10, 1, 0, 1, UP) 24
(10, 10, 1, 0, 0, DOWN) 2
(3, 5, -1, 0, 1, DOWN) 16
(2, 4, -1, 0, 1, DOWN) 8
(0, 0, 1, 0, 1, DOWN) 11
(2, 1, 1, 0, 1, UP) 19
(4, 4, 1, 0, 1, DOWN) 10
(6, 8, -1, 0, 1, DOWN) 26
(1, 9, -1, 0, 1, UP) 39
(0, 9, -1, 0, 1, UP) 26
(1, 9, 1, 0, 1, UP) 24
(5, 10, 1, 0, 1, UP) 19
(5, 10, 1, 0, 1, DOWN) 21
(8, 10, 1, 0, 1, DOWN) 14
(9, 10, 1, 0, 1, UP) 30
(11, 10, 1, 0, 0, DOWN) 1
(1, 4, 1, 0, 1, UP) 25
(7, 3, 1, 0, 1, DOWN) 10
(8, 3, 1, 0, 1, UP) 16
(10, 2, -1, 0, 1, DOWN) 3
(8, 4, -1, 0, 0, DOWN) 2
(7, 4, -1, 0, 1, DOWN) 4
(7, 4, -1, 0, 1, UP) 3
(6, 5, -1, 0, 1, DOWN) 4
(6, 5, -1, 0, 1, UP) 12
(5, 5, -1, 0, 1, DOWN) 9
(5, 5, -1, 0, 1, UP) 9
(3, 7, -1, 0, 1, DOWN) 37
(1, 7, -1, 0, 1, DOWN) 18
(9, 0, 1, 0, 0, DOWN) 1
(10, 0, 1, 0, 1, DOWN) 18
(10, 1, 1, 0, 1, UP) 29
(7, 5, -1, 0, 1, DOWN) 8
(3, 8, -1, 0, 0, DOWN) 1
(0, 11, 1, 0, 1, UP) 18
(4, 9, 1, 0, 1, DOWN) 9
(5, 8, 1, 0, 1, UP) 25
(6, 7, 1, 0, 1, DOWN) 28
(7, 7, 1, 0, 1, DOWN) 14
(7, 7, 1, 0, 2, DOWN) 8
(8, 6, 1, 0, 3, DOWN) 16
(9, 5, 1, 0, 1, UP) 30
(10, 5, 1, 0, 1, DOWN) 14
(5, 3, -1, 0, 1, DOWN) 3
(4, 3, -1, 0, 1, DOWN) 6
(3, 2, -1, 0, 1, UP) 7
(2, 2, -1, 0, 1, DOWN) 3
(1, 1, -1, 0, 0, DOWN) 3
(3, 1, 1, 0, 1, UP) 25
(10, 6, 1, 0, 1, UP) 21
(0, 1, -1, 0, 1, DOWN) 10
(0, 1, 1, 0, 1, UP) 17
(9, 3, 1, 0, 1, DOWN) 14
(11, 4, 1, 0, 1, DOWN) 12
(11, 5, 1, 0, 1, UP) 16
(3, 6, -1, 0, 1, DOWN) 25
(9, 6, 1, 0, 1, DOWN) 19
(11, 8, 1, 0, 1, UP) 15
(5, 10, -1, 0, 1, UP) 53
(6, 0, 1, 0, 1, UP) 31
(8, 1, 1, 0, 0, DOWN) 1
(9, 1, 1, 0, 1, DOWN) 27
(7, 6, -1, 0, 5, HOLD) 1
(6, 6, -1, 0, 5, HOLD) 10
(6, 6, -1, 0, 4, UP) 7
(4, 6, -1, 0, 0, DOWN) 1
(4, 5, 1, 0, 1, DOWN) 10
(7, 8, 1, 0, 0, DOWN) 2
(9, 11, 1, 0, 1, UP) 24
(7, 5, 1, 0, 1, UP) 32
(7, 5, 1, 0, 1, DOWN) 15
(3, 11, -1, 0, 1, UP) 19
(0, 11, -1, 0, 1, DOWN) 18
(0, 11, 1, 0, 1, DOWN) 28
(5, 9, 1, 0, 1, DOWN) 17
(9, 7, 1, 0, 0, HOLD) 9
(0, 11, -1, 0, 1, UP) 31
(8, 9, 1, 0, 1, UP) 17
(8, 9, 1, 0, 1, DOWN) 7
(8, 2, 1, 0, 1, UP) 27
(11, 8, -1, 0, 7, DOWN) 16
(4, 7, -1, 0, 1, DOWN) 15
(2, 7, -1, 0, 0, DOWN) 3
(5, 6, 1, 0, 0, DOWN) 6
(6, 6, 1, 0, 1, DOWN) 22
(6, 6, 1, 0, 1, UP) 21
(7, 6, 1, 0, 1, UP) 33
(8, 5, 1, 0, 1, UP) 38
(8, 5, 1, 0, 1, DOWN) 21
(9, 5, 1, 0, 1, DOWN) 21
(10, 5, 1, 0, 1, UP) 28
(11, 5, 1, 0, 1, DOWN) 10
(1, 11, 1, 0, 1, UP) 20
(1, 11, 1, 0, 1, DOWN) 14
(2, 11, 1, 0, 1, DOWN) 13
(3, 11, 1, 0, 1, UP) 19
(3, 11, 1, 0, 1, DOWN) 7
(4, 11, 1, 0, 1, DOWN) 10
(6, 11, 1, 0, 1, UP) 28
(9, 10, 1, 0, 1, DOWN) 18
(10, 10, 1, 0, 1, DOWN) 11
(5, 9, -1, 0, 1, DOWN) 35
(6, 11, 1, 0, 1, DOWN) 11
(7, 11, 1, 0, 1, DOWN) 13
(7, 11, 1, 0, 1, UP) 23
(8, 11, 1, 0, 1, DOWN) 20
(8, 11, 1, 0, 1, UP) 19
(11, 8, -1, 0, 4, UP) 1
(9, 8, -1, 0, 1, UP) 2
(2, 11, -1, 0, 1, DOWN) 24
(1, 11, -1, 0, 1, UP) 17
(1, 11, -1, 0, 1, DOWN) 13
(2, 11, 1, 0, 1, UP) 17
(9, 9, 1, 0, 1, UP) 30
(4, 11, -1, 0, 0, DOWN) 5
(3, 11, -1, 0, 1, DOWN) 28
(2, 11, -1, 0, 1, UP) 33
(4, 8, 1, 0, 0, DOWN) 1
(6, 7, 1, 0, 0, DOWN) 2
(8, 6, 1, 0, 1, DOWN) 2
(9, 6, 1, 0, 1, UP) 26
(3, 4, -1, 0, 3, UP) 28
(2, 4, -1, 0, 3, UP) 30
(2, 3, 1, 0, 1, DOWN) 16
(2, 2, 1, 0, 1, UP) 22
(8, 0, 1, 0, 1, DOWN) 11
(8, 0, 1, 0, 1, UP) 29
(9, 0, 1, 0, 1, DOWN) 14
(10, 0, 1, 0, 1, UP) 26
(6, 7, -1, 0, 5, DOWN) 3
(4, 6, -1, 0, 1, UP) 26
(0, 5, -1, 0, 1, DOWN) 13
(0, 5, -1, 0, 1, UP) 24
(0, 5, 1, 0, 1, UP) 28
(2, 5, 1, 0, 1, DOWN) 9
(6, 4, 1, 0, 1, UP) 24
(11, 3, 1, 0, 0, DOWN) 1
(0, 2, 1, 0, 1, DOWN) 12
(1, 1, 1, 0, 1, HOLD) 7
(1, 0, 1, 0, 1, HOLD) 16
(8, 7, 1, 0, 1, DOWN) 17
(9, 8, 1, 0, 1, DOWN) 16
(9, 8, 1, 0, 1, UP) 30
(10, 10, 1, 0, 1, UP) 24
(11, 10, 1, 0, 1, DOWN) 7
(4, 4, -1, 0, 1, DOWN) 6
(1, 1, 1, 0, 0, HOLD) 1
(9, 3, 1, 0, 1, UP) 34
(10, 3, 1, 0, 1, DOWN) 37
(10, 3, 1, 0, 1, UP) 53
(5, 3, 1, 0, 1, HOLD) 7
(8, 1, 1, 0, 1, UP) 40
(9, 0, 1, 0, 1, UP) 32
(11, 0, 1, 0, 1, UP) 16
(12, 1, -1, 0, 1, DOWN) 6
(11, 2, -1, 0, 1, DOWN) 25
(10, 2, -1, 0, 1, UP) 11
(9, 3, -1, 0, 1, DOWN) 6
(9, 3, -1, 0, 1, UP) 6
(8, 4, -1, 0, 1, DOWN) 5
(4, 8, 1, 0, 1, DOWN) 17
(11, 3, 1, 0, 1, DOWN) 6
(11, 3, 1, 0, 1, UP) 29
(12, 2, -1, 0, 1, DOWN) 34
(9, 0, -1, 0, 1, DOWN) 19
(9, 0, -1, 0, 1, UP) 20
(8, 0, -1, 0, 1, DOWN) 10
(7, 1, -1, 0, 1, UP) 13
(6, 2, -1, 0, 1, DOWN) 2
(6, 3, -1, 0, 1, UP) 6
(2, 7, -1, 0, 1, DOWN) 25
(11, 0, -1, 0, 1, DOWN) 8
(10, 0, -1, 0, 1, UP) 8
(9, 1, -1, 0, 1, DOWN) 14
(8, 2, -1, 0, 1, UP) 16
(8, 2, -1, 0, 1, DOWN) 2
(7, 3, -1, 0, 1, UP) 7
(6, 4, -1, 0, 1, DOWN) 2
(4, 6, -1, 0, 1, DOWN) 12
(10, 1, 1, 0, 1, DOWN) 21
(3, 6, 1, 0, 1, UP) 30
(8, 6, 1, 0, 0, DOWN) 3
(3, 8, -1, 0, 1, UP) 47
(3, 8, -1, 0, 1, DOWN) 28
(2, 2, 1, 0, 1, DOWN) 9
(11, 2, 1, 0, 1, DOWN) 40
(11, 2, 1, 0, 1, UP) 97
(9, 1, -1, 0, 1, UP) 14
(8, 0, -1, 0, 1, UP) 19
(6, 0, -1, 0, 1, HOLD) 11
(2, 3, -1, 0, 1, UP) 19
(3, 7, 1, 0, 1, DOWN) 18
(3, 7, 1, 0, 1, UP) 19
(2, 2, -1, 0, 1, UP) 11
(1, 1, 1, 0, 1, UP) 23
(2, 0, 1, 0, 1, HOLD) 23
(3, 0, 1, 0, 1, HOLD) 15
(6, 1, 1, 0, 1, HOLD) 12
(4, 5, 1, 0, 1, UP) 29
(8, 4, 1, 0, 1, DOWN) 9
(3, 8, 1, 0, 1, DOWN) 18
(3, 8, 1, 0, 1, UP) 27
(4, 8, 1, 0, 1, UP) 25
(4, 8, -1, 0, 1, UP) 55
(1, 1, 1, 0, 1, DOWN) 11
(2, 1, 1, 0, 1, HOLD) 15
(4, 1, 1, 0, 1, DOWN) 17
(5, 2, 1, 0, 1, HOLD) 20
(1, 2, 1, 0, 1, DOWN) 13
(5, 1, 1, 0, 1, HOLD) 8
(10, 6, 1, 0, 2, DOWN) 12
(5, 7, -1, 0, 1, DOWN) 15
(1, 2, -1, 0, 1, DOWN) 6
(0, 2, -1, 0, 1, UP) 11
(0, 0, 1, 0, 0, HOLD) 1
(1, 0, 1, 0, 0, HOLD) 4
(7, 7, 1, 0, 1, UP) 29
(2, 8, 1, 0, 1, DOWN) 10
(5, 7, 1, 0, 0, DOWN) 3
(8, 1, 1, 0, 1, DOWN) 13
(9, 1, 1, 0, 1, UP) 49
(2, 3, 1, 0, 1, UP) 22
(4, 1, 1, 0, 1, UP) 26
(8, 4, 1, 0, 1, UP) 18
(11, 6, 1, 0, 0, HOLD) 1
(2, 8, -1, 0, 1, UP) 40
(6, 8, 1, 0, 1, DOWN) 9
(6, 8, 1, 0, 1, UP) 21
(8, 7, 1, 0, 0, HOLD) 1
(11, 6, 1, 0, 1, DOWN) 7
(0, 2, 1, 0, 1, UP) 16
(9, 6, 1, 0, 1, HOLD) 8
(11, 9, 1, 0, 0, DOWN) 1
(10, 8, -1, 0, 6, HOLD) 4
(2, 7, 1, 0, 0, DOWN) 1
(4, 7, 1, 0, 1, UP) 21
(1, 7, -1, 0, 1, UP) 19
(4, 3, 1, 0, 1, HOLD) 13
(11, 1, 1, 0, 1, DOWN) 6
(11, 2, -1, 0, 1, UP) 18
(8, 3, -1, 0, 1, UP) 3
(8, 3, -1, 0, 1, DOWN) 2
(7, 3, -1, 0, 1, DOWN) 2
(6, 3, -1, 0, 1, DOWN) 2
(5, 3, -1, 0, 1, UP) 9
(4, 4, -1, 0, 0, DOWN) 1
(3, 4, -1, 0, 1, DOWN) 7
(2, 8, 1, 0, 1, UP) 28
(4, 7, 1, 0, 1, DOWN) 9
(9, 5, 1, 0, 2, DOWN) 36
(10, 4, 1, 0, 3, DOWN) 51
(10, 4, 1, 0, 2, UP) 24
(11, 4, 1, 0, 1, UP) 17
(10, 0, -1, 0, 1, DOWN) 15
(8, 1, -1, 0, 1, UP) 12
(8, 1, -1, 0, 1, DOWN) 10
(7, 2, -1, 0, 1, DOWN) 2
(7, 2, -1, 0, 1, UP) 12
(7, 3, -1, 0, 1, HOLD) 1
(4, 5, -1, 0, 1, UP) 6
(4, 5, -1, 0, 1, DOWN) 3
(5, 7, 1, 0, 1, UP) 24
(5, 6, 1, 0, 1, DOWN) 11
(5, 7, 1, 0, 1, DOWN) 15
(10, 5, 1, 0, 2, DOWN) 15
(0, 2, -1, 0, 1, DOWN) 12
(7, 0, 1, 0, 2, DOWN) 12
(7, 1, 1, 0, 3, DOWN) 32
(7, 1, 1, 0, 2, UP) 37
(12, 3, -1, 0, 1, DOWN) 10
(11, 3, -1, 0, 1, DOWN) 6
(10, 4, -1, 0, 2, DOWN) 6
(10, 4, -1, 0, 1, UP) 7
(10, 5, -1, 0, 1, UP) 2
(9, 5, -1, 0, 1, DOWN) 1
(9, 5, -1, 0, 1, UP) 5
(9, 6, -1, 0, 1, DOWN) 1
(8, 6, -1, 0, 1, UP) 6
(8, 7, -1, 0, 1, DOWN) 2
(7, 8, -1, 0, 1, DOWN) 25
(4, 1, 1, 0, 2, DOWN) 17
(10, 4, 1, 0, 2, DOWN) 10
(4, 2, 1, 0, 2, DOWN) 1
(5, 3, 1, 0, 3, DOWN) 30
(5, 3, 1, 0, 2, UP) 22
(8, 7, 1, 0, 1, HOLD) 12
(10, 8, 1, 0, 1, DOWN) 9
(11, 9, 1, 0, 1, UP) 31
(7, 7, -1, 0, 6, HOLD) 3
(7, 6, -1, 0, 6, DOWN) 2
(6, 6, -1, 0, 6, HOLD) 4
(6, 3, 1, 0, 1, HOLD) 11
(9, 2, 1, 0, 1, HOLD) 15
(11, 2, -1, 0, 2, DOWN) 14
(6, 1, -1, 0, 1, HOLD) 7
(5, 1, -1, 0, 2, DOWN) 5
(4, 1, -1, 0, 1, UP) 7
(4, 0, -1, 0, 1, HOLD) 1
(3, 0, -1, 0, 1, HOLD) 1
(2, 0, -1, 0, 1, HOLD) 4
(1, 0, -1, 0, 1, HOLD) 1
(2, 0, 1, 0, 0, HOLD) 3
(4, 0, -1, 0, 2, DOWN) 3
(4, 0, -1, 0, 1, UP) 8
(1, 1, -1, 0, 1, UP) 6
(11, 6, 1, 0, 1, HOLD) 3
(7, 1, 1, 0, 2, DOWN) 14
(12, 2, -1, 0, 0, DOWN) 3
(10, 3, -1, 0, 1, UP) 17
(10, 3, -1, 0, 1, DOWN) 10
(8, 4, -1, 0, 1, UP) 11
(7, 5, -1, 0, 1, UP) 7
(5, 6, -1, 0, 0, DOWN) 1
(9, 8, 1, 0, 0, HOLD) 1
(6, 8, -1, 0, 1, UP) 17
(3, 4, -1, 0, 1, HOLD) 9
(1, 2, -1, 0, 0, DOWN) 1
(1, 1, -1, 0, 1, DOWN) 4
(0, 0, -1, 0, 1, UP) 8
(0, 0, 1, 0, 1, UP) 18
(0, 0, 1, 0, 1, HOLD) 5
(6, 7, 1, 0, 1, UP) 19
(7, 8, 1, 0, 1, DOWN) 11
(11, 9, 1, 0, 1, DOWN) 4
(4, 0, 1, 0, 2, DOWN) 11
(4, 0, 1, 0, 3, DOWN) 49
(4, 0, 1, 0, 2, UP) 15
(8, 2, 1, 0, 1, HOLD) 3
(12, 4, -1, 0, 1, DOWN) 1
(11, 4, -1, 0, 2, DOWN) 1
(10, 4, -1, 0, 3, DOWN) 22
(10, 4, -1, 0, 2, UP) 15
(9, 4, -1, 0, 1, UP) 11
(9, 4, -1, 0, 1, DOWN) 11
(8, 5, -1, 0, 1, UP) 10
(5, 6, -1, 0, 1, DOWN) 3
(8, 7, -1, 0, 8, HOLD) 8
(2, 5, -1, 0, 2, UP) 19
(4, 2, 1, 0, 1, HOLD) 3
(7, 2, 1, 0, 2, DOWN) 12
(5, 9, -1, 0, 1, UP) 43
(5, 3, 1, 0, 2, DOWN) 20
(8, 6, 1, 0, 2, DOWN) 21
(10, 8, -1, 0, 4, HOLD) 2
(8, 7, -1, 0, 2, UP) 7
(6, 7, -1, 0, 1, DOWN) 6
(6, 7, -1, 0, 1, UP) 15
(1, 7, 1, 0, 1, UP) 26
(2, 7, 1, 0, 1, DOWN) 15
(2, 7, 1, 0, 1, UP) 24
(10, 7, 1, 0, 1, HOLD) 18
(5, 4, -1, 0, 3, DOWN) 13
(5, 3, -1, 0, 2, UP) 18
(0, 5, -1, 0, 1, HOLD) 24
(1, 4, 1, 0, 1, HOLD) 4
(2, 4, 1, 0, 1, HOLD) 12
(3, 4, 1, 0, 1, HOLD) 10
(6, 3, 1, 0, 2, UP) 16
(6, 3, 1, 0, 3, DOWN) 37
(10, 2, 1, 0, 2, DOWN) 11
(11, 1, -1, 0, 1, DOWN) 6
(7, 0, -1, 0, 1, HOLD) 7
(2, 3, -1, 0, 1, HOLD) 10
(0, 5, 1, 0, 1, HOLD) 6
(5, 9, 1, 0, 1, UP) 17
(1, 5, -1, 0, 1, HOLD) 5
(3, 1, 1, 0, 1, HOLD) 10
(5, 0, 1, 0, 2, UP) 16
(5, 0, 1, 0, 3, DOWN) 50
(7, 7, -1, 0, 7, HOLD) 2
(7, 3, 1, 0, 2, UP) 29
(10, 2, -1, 0, 2, DOWN) 9
(9, 2, -1, 0, 1, UP) 6
(7, 3, -1, 0, 2, DOWN) 1
(2, 4, -1, 0, 1, HOLD) 7
(0, 1, 1, 0, 1, HOLD) 2
(2, 0, 1, 0, 2, DOWN) 27
(3, 2, 1, 0, 1, HOLD) 11
(8, 8, 1, 0, 1, DOWN) 14
(0, 8, 1, 0, 1, UP) 33
(5, 1, 1, 0, 2, DOWN) 18
(3, 6, 1, 0, 1, DOWN) 10
(7, 3, 1, 0, 2, DOWN) 6
(7, 3, 1, 0, 3, DOWN) 25
(8, 3, 1, 0, 3, DOWN) 27
(8, 2, 1, 0, 2, UP) 19
(11, 1, 1, 0, 0, DOWN) 2
(12, 0, -1, 0, 0, DOWN) 2
(6, 2, -1, 0, 2, DOWN) 6
(5, 3, -1, 0, 3, DOWN) 11
(4, 4, -1, 0, 0, HOLD) 1
(3, 4, -1, 0, 0, HOLD) 2
(12, 8, -1, 0, 7, UP) 1
(1, 4, -1, 0, 1, HOLD) 8
(0, 4, -1, 0, 2, DOWN) 19
(0, 4, -1, 0, 3, DOWN) 35
(0, 4, 1, 0, 2, UP) 17
(0, 4, 1, 0, 3, DOWN) 36
(1, 4, 1, 0, 3, DOWN) 32
(1, 4, 1, 0, 2, UP) 25
(3, 3, 1, 0, 1, HOLD) 4
(6, 0, -1, 0, 2, DOWN) 3
(5, 0, -1, 0, 3, DOWN) 7
(5, 0, -1, 0, 2, UP) 2
(4, 0, -1, 0, 2, UP) 1
(7, 7, -1, 0, 1, DOWN) 3
(8, 7, 1, 0, 1, UP) 34
(0, 7, -1, 0, 2, DOWN) 13
(0, 7, -1, 0, 3, DOWN) 39
(0, 7, 1, 0, 2, UP) 18
(2, 5, 1, 0, 1, HOLD) 3
(6, 2, 1, 0, 2, DOWN) 28
(6, 2, 1, 0, 3, DOWN) 36
(9, 5, -1, 0, 2, DOWN) 2
(8, 7, -1, 0, 1, UP) 6
(0, 6, -1, 0, 1, HOLD) 1
(8, 5, 1, 0, 2, DOWN) 12
(1, 2, 1, 0, 1, UP) 17
(3, 1, 1, 0, 2, DOWN) 17
(9, 11, 1, 0, 1, HOLD) 2
(1, 5, -1, 0, 2, DOWN) 13
(1, 4, -1, 0, 3, DOWN) 41
(0, 4, -1, 0, 2, UP) 13
(1, 2, 1, 0, 1, HOLD) 3
(5, 1, 1, 0, 2, UP) 23
(5, 1, 1, 0, 3, DOWN) 36
(6, 2, 1, 0, 2, UP) 15
(9, 4, 1, 0, 1, HOLD) 11
(7, 0, -1, 0, 2, DOWN) 17
(5, 2, -1, 0, 1, HOLD) 4
(5, 2, -1, 0, 1, DOWN) 8
(4, 3, -1, 0, 1, HOLD) 16
(1, 6, -1, 0, 2, DOWN) 14
(0, 7, -1, 0, 2, UP) 16
(9, 8, 1, 0, 1, HOLD) 4
(1, 6, -1, 0, 1, HOLD) 8
(0, 4, 1, 0, 2, DOWN) 20
(6, 0, 1, 0, 2, UP) 24
(6, 0, 1, 0, 3, DOWN) 29
(8, 1, 1, 0, 3, DOWN) 22
(6, 4, 1, 0, 2, DOWN) 9
(7, 4, 1, 0, 3, DOWN) 42
(8, 3, 1, 0, 1, HOLD) 1
(9, 2, 1, 0, 2, DOWN) 7
(5, 0, 1, 0, 2, DOWN) 25
(8, 1, 1, 0, 2, DOWN) 9
(10, 3, 1, 0, 2, DOWN) 29
(9, 3, 1, 0, 1, HOLD) 3
(7, 0, 1, 0, 3, DOWN) 26
(10, 8, 1, 0, 2, DOWN) 17
(10, 11, 1, 0, 1, HOLD) 7
(2, 2, 1, 0, 1, HOLD) 2
(6, 1, 1, 0, 3, DOWN) 33
(7, 2, 1, 0, 2, UP) 35
(8, 2, 1, 0, 3, DOWN) 18
(0, 8, 1, 0, 2, DOWN) 11
(0, 7, 1, 0, 3, DOWN) 29
(6, 4, 1, 0, 1, HOLD) 14
(8, 1, -1, 0, 2, DOWN) 14
(7, 2, -1, 0, 3, DOWN) 19
(7, 2, -1, 0, 2, UP) 8
(6, 3, -1, 0, 2, UP) 7
(4, 6, 1, 0, 1, DOWN) 13
(4, 6, 1, 0, 1, UP) 26
(5, 5, 1, 0, 1, HOLD) 12
(7, 2, 1, 0, 3, DOWN) 23
(10, 3, -1, 0, 1, HOLD) 25
(9, 4, -1, 0, 1, HOLD) 16
(8, 5, -1, 0, 1, DOWN) 6
(7, 6, -1, 0, 1, HOLD) 5
(6, 6, -1, 0, 1, HOLD) 2
(6, 6, -1, 0, 1, DOWN) 2
(3, 9, -1, 0, 1, HOLD) 15
(2, 9, -1, 0, 1, HOLD) 9
(1, 10, -1, 0, 1, HOLD) 5
(1, 11, 1, 0, 1, HOLD) 1
(7, 2, -1, 0, 2, DOWN) 15
(2, 8, -1, 0, 2, DOWN) 10
(5, 4, 1, 0, 1, HOLD) 20
(9, 1, 1, 0, 2, DOWN) 14
(10, 2, 1, 0, 3, DOWN) 60
(10, 2, 1, 0, 2, UP) 39
(3, 3, -1, 0, 1, HOLD) 2
(1, 3, -1, 0, 2, DOWN) 6
(1, 2, -1, 0, 1, UP) 4
(9, 1, 1, 0, 1, HOLD) 28
(7, 6, -1, 0, 1, DOWN) 4
(7, 6, -1, 0, 1, UP) 5
(9, 5, 1, 0, 3, DOWN) 31
(2, 11, 1, 0, 2, DOWN) 5
(8, 8, 1, 0, 1, UP) 19
(1, 3, -1, 0, 3, DOWN) 47
(1, 3, -1, 0, 2, UP) 18
(3, 0, 1, 0, 2, DOWN) 15
(10, 1, 1, 0, 2, DOWN) 18
(10, 2, -1, 0, 3, DOWN) 22
(10, 2, -1, 0, 2, UP) 14
(9, 2, -1, 0, 1, HOLD) 3
(9, 2, -1, 0, 2, DOWN) 3
(8, 2, -1, 0, 3, DOWN) 11
(8, 2, -1, 0, 2, UP) 7
(6, 2, -1, 0, 2, UP) 5
(6, 2, -1, 0, 3, DOWN) 17
(3, 1, -1, 0, 2, DOWN) 8
(2, 1, -1, 0, 1, HOLD) 1
(0, 1, -1, 0, 1, UP) 6
(3, 1, 1, 0, 3, DOWN) 37
(3, 1, 1, 0, 2, UP) 19
(6, 1, 1, 0, 2, DOWN) 7
(4, 7, -1, 0, 2, UP) 35
(2, 10, -1, 0, 2, DOWN) 8
(2, 10, -1, 0, 3, DOWN) 53
(2, 10, -1, 0, 2, UP) 25
(6, 5, 1, 0, 1, HOLD) 15
(7, 4, 1, 0, 2, DOWN) 29
(7, 4, 1, 0, 2, UP) 20
(11, 1, 1, 0, 1, UP) 24
(9, 1, -1, 0, 1, HOLD) 8
(9, 2, -1, 0, 1, DOWN) 4
(8, 2, -1, 0, 2, DOWN) 5
(6, 2, -1, 0, 1, UP) 4
(0, 3, -1, 0, 2, DOWN) 3
(8, 8, -1, 0, 1, DOWN) 13
(2, 8, -1, 0, 1, HOLD) 6
(1, 9, 1, 0, 1, HOLD) 5
(2, 9, 1, 0, 1, HOLD) 9
(6, 9, 1, 0, 1, HOLD) 1
(7, 9, 1, 0, 1, HOLD) 7
(0, 6, -1, 0, 3, DOWN) 19
(0, 6, -1, 0, 2, UP) 13
(1, 5, 1, 0, 1, HOLD) 3
(11, 3, -1, 0, 2, DOWN) 6
(9, 5, -1, 0, 2, UP) 17
(8, 5, -1, 0, 2, DOWN) 4
(1, 10, 1, 0, 1, HOLD) 7
(5, 7, 1, 0, 1, HOLD) 8
(6, 6, 1, 0, 1, HOLD) 16
(6, 1, -1, 0, 2, DOWN) 4
(4, 2, -1, 0, 1, HOLD) 1
(0, 3, 1, 0, 2, DOWN) 6
(8, 4, 1, 0, 1, HOLD) 2
(0, 3, 1, 0, 2, UP) 19
(2, 2, 1, 0, 2, DOWN) 4
(5, 0, 1, 0, 2, HOLD) 19
(1, 7, -1, 0, 2, DOWN) 16
(1, 5, 1, 0, 2, DOWN) 10
(2, 4, 1, 0, 3, DOWN) 21
(2, 4, 1, 0, 2, UP) 19
(0, 3, -1, 0, 3, DOWN) 27
(2, 0, 1, 0, 3, DOWN) 42
(3, 0, 1, 0, 2, UP) 25
(3, 0, 1, 0, 3, DOWN) 39
(9, 6, 1, 0, 2, DOWN) 4
(10, 7, -1, 0, 7, DOWN) 4
(5, 6, 1, 0, 1, UP) 22
(7, 0, 1, 0, 2, UP) 18
(10, 3, 1, 0, 1, HOLD) 25
(0, 6, 1, 0, 3, DOWN) 23
(0, 6, 1, 0, 2, UP) 16
(3, 3, 1, 0, 2, DOWN) 10
(3, 3, 1, 0, 3, DOWN) 21
(3, 3, 1, 0, 2, UP) 31
(7, 0, 1, 0, 0, DOWN) 1
(8, 4, -1, 0, 1, HOLD) 1
(7, 5, -1, 0, 2, DOWN) 7
(7, 5, -1, 0, 3, DOWN) 15
(7, 5, -1, 0, 2, UP) 17
(1, 8, 1, 0, 1, HOLD) 12
(3, 9, 1, 0, 1, HOLD) 5
(1, 11, -1, 0, 1, HOLD) 3
(0, 11, -1, 0, 1, HOLD) 8
(0, 11, 1, 0, 1, HOLD) 15
(2, 10, 1, 0, 2, DOWN) 7
(6, 0, 1, 0, 1, HOLD) 4
(7, 0, 1, 0, 1, HOLD) 3
(11, 4, -1, 0, 1, UP) 2
(11, 4, -1, 0, 1, DOWN) 2
(10, 5, -1, 0, 2, DOWN) 1
(9, 6, -1, 0, 1, UP) 4
(9, 6, -1, 0, 1, HOLD) 1
(9, 7, -1, 0, 1, DOWN) 1
(2, 5, -1, 0, 1, HOLD) 1
(4, 4, 1, 0, 1, UP) 29
(11, 8, 1, 0, 0, HOLD) 2
(2, 11, -1, 0, 2, DOWN) 5
(0, 10, -1, 0, 2, DOWN) 7
(0, 9, -1, 0, 3, DOWN) 31
(0, 9, 1, 0, 2, UP) 26
(7, 5, 1, 0, 2, DOWN) 16
(8, 5, 1, 0, 1, HOLD) 15
(1, 3, 1, 0, 2, UP) 17
(2, 3, 1, 0, 3, DOWN) 22
(2, 3, 1, 0, 2, UP) 17
(9, 2, 1, 0, 2, UP) 11
(6, 9, -1, 0, 2, DOWN) 14
(3, 10, -1, 0, 2, DOWN) 6
(1, 9, -1, 0, 2, DOWN) 28
(0, 9, -1, 0, 2, UP) 16
(12, 2, -1, 0, 1, UP) 15
(8, 0, -1, 0, 1, HOLD) 1
(3, 3, -1, 0, 2, DOWN) 15
(2, 4, -1, 0, 3, DOWN) 38
(5, 9, 1, 0, 1, HOLD) 3
(2, 5, -1, 0, 2, DOWN) 13
(2, 1, 1, 0, 2, DOWN) 8
(7, 6, 1, 0, 1, HOLD) 15
(7, 8, -1, 0, 2, DOWN) 9
(6, 9, -1, 0, 3, DOWN) 72
(6, 9, -1, 0, 2, UP) 33
(5, 9, -1, 0, 2, DOWN) 10
(4, 9, -1, 0, 3, DOWN) 45
(4, 9, -1, 0, 2, UP) 29
(2, 10, 1, 0, 3, DOWN) 24
(2, 10, 1, 0, 2, UP) 25
(0, 10, -1, 0, 3, DOWN) 35
(0, 10, -1, 0, 2, UP) 24
(0, 10, 1, 0, 3, DOWN) 49
(0, 10, 1, 0, 2, UP) 15
(8, 11, 1, 0, 2, DOWN) 4
(9, 11, 1, 0, 3, DOWN) 35
(9, 11, 1, 0, 2, UP) 18
(6, 4, -1, 0, 4, UP) 2
(3, 3, -1, 0, 3, DOWN) 15
(3, 3, -1, 0, 2, UP) 11
(2, 0, 1, 0, 2, UP) 15
(8, 3, 1, 0, 2, UP) 21
(8, 7, -1, 0, 4, UP) 14
(1, 7, -1, 0, 3, DOWN) 39
(1, 7, -1, 0, 2, UP) 14
(1, 7, 1, 0, 2, UP) 21
(1, 7, 1, 0, 3, DOWN) 34
(10, 6, 1, 0, 3, DOWN) 33
(10, 6, 1, 0, 2, UP) 25
(8, 9, -1, 0, 1, HOLD) 7
(7, 9, -1, 0, 1, HOLD) 14
(5, 10, -1, 0, 1, HOLD) 7
(4, 10, -1, 0, 1, HOLD) 1
(3, 10, -1, 0, 1, HOLD) 2
(3, 10, 1, 0, 1, HOLD) 4
(4, 10, 1, 0, 1, HOLD) 1
(5, 10, 1, 0, 1, HOLD) 9
(5, 9, 1, 0, 2, DOWN) 8
(6, 9, 1, 0, 3, DOWN) 42
(6, 9, 1, 0, 2, UP) 15
(4, 10, -1, 0, 2, DOWN) 16
(4, 10, -1, 0, 3, DOWN) 40
(3, 10, -1, 0, 2, UP) 33
(3, 10, -1, 0, 3, DOWN) 53
(2, 11, 1, 0, 1, HOLD) 2
(4, 10, 1, 0, 2, DOWN) 1
(6, 10, 1, 0, 2, DOWN) 4
(2, 6, -1, 0, 1, HOLD) 8
(0, 6, -1, 0, 2, DOWN) 18
(4, 5, 1, 0, 1, HOLD) 1
(6, 8, -1, 0, 2, DOWN) 6
(4, 9, -1, 0, 2, DOWN) 10
(3, 10, 1, 0, 2, UP) 15
(4, 11, 1, 0, 1, UP) 17
(9, 11, 1, 0, 2, DOWN) 15
(7, 10, -1, 0, 2, DOWN) 14
(3, 5, -1, 0, 1, HOLD) 4
(3, 2, 1, 0, 3, DOWN) 37
(3, 2, 1, 0, 2, UP) 21
(4, 4, 1, 0, 1, HOLD) 4
(7, 8, 1, 0, 1, UP) 17
(11, 11, 1, 0, 2, DOWN) 3
(5, 11, -1, 0, 1, HOLD) 21
(1, 8, -1, 0, 2, DOWN) 29
(1, 5, 1, 0, 2, UP) 18
(2, 5, 1, 0, 2, DOWN) 4
(3, 4, 1, 0, 2, DOWN) 4
(4, 3, 1, 0, 2, DOWN) 21
(5, 2, 1, 0, 2, DOWN) 15
(11, 2, -1, 0, 1, HOLD) 4
(8, 5, -1, 0, 1, HOLD) 5
(1, 11, -1, 0, 2, UP) 28
(1, 11, -1, 0, 3, DOWN) 38
(0, 11, -1, 0, 2, DOWN) 2
(5, 6, 1, 0, 1, HOLD) 6
(9, 2, 1, 0, 3, DOWN) 50
(4, 10, -1, 0, 2, UP) 20
(1, 6, 1, 0, 3, DOWN) 26
(8, 0, 1, 0, 3, DOWN) 16
(8, 0, 1, 0, 2, UP) 36
(11, 3, -1, 0, 3, DOWN) 23
(10, 5, -1, 0, 3, DOWN) 9
(5, 11, -1, 0, 2, DOWN) 3
(1, 4, -1, 0, 2, UP) 22
(0, 2, -1, 0, 2, DOWN) 1
(0, 1, 1, 0, 3, DOWN) 25
(0, 1, 1, 0, 2, UP) 22
(2, 9, -1, 0, 2, UP) 28
(2, 9, -1, 0, 3, DOWN) 33
(0, 8, -1, 0, 2, DOWN) 8
(4, 4, 1, 0, 0, HOLD) 1
(8, 2, 1, 0, 3, UP) 6
(8, 1, 1, 0, 2, UP) 18
(9, 1, 1, 0, 2, UP) 14
(3, 9, -1, 0, 2, DOWN) 9
(0, 9, 1, 0, 3, DOWN) 25
(1, 9, 1, 0, 2, DOWN) 16
(3, 10, 1, 0, 3, DOWN) 36
(4, 10, 1, 0, 2, UP) 17
(10, 11, 1, 0, 2, DOWN) 4
(11, 11, 1, 0, 3, DOWN) 16
(1, 10, -1, 0, 2, UP) 22
(1, 10, -1, 0, 3, DOWN) 32
(1, 11, 1, 0, 2, DOWN) 11
(1, 11, 1, 0, 3, DOWN) 35
(1, 11, 1, 0, 2, UP) 17
(6, 10, -1, 0, 3, DOWN) 64
(6, 10, -1, 0, 2, UP) 38
(3, 7, -1, 0, 1, HOLD) 10
(0, 3, -1, 0, 2, UP) 9
(1, 1, 1, 0, 2, DOWN) 3
(5, 2, 1, 0, 0, HOLD) 1
(6, 3, 1, 0, 0, HOLD) 2
(11, 8, 1, 0, 1, DOWN) 3
(4, 11, -1, 0, 1, UP) 21
(1, 11, -1, 0, 2, DOWN) 11
(2, 9, 1, 0, 3, DOWN) 29
(2, 9, 1, 0, 2, UP) 19
(6, 7, 1, 0, 1, HOLD) 14
(10, 5, 1, 0, 3, DOWN) 52
(10, 5, 1, 0, 2, UP) 29
(1, 5, -1, 0, 3, DOWN) 35
(1, 5, -1, 0, 2, UP) 17
(7, 2, 1, 0, 3, UP) 10
(10, 1, 1, 0, 3, DOWN) 29
(10, 1, 1, 0, 2, UP) 22
(9, 1, -1, 0, 2, DOWN) 7
(7, 1, -1, 0, 2, DOWN) 7
(5, 1, -1, 0, 3, DOWN) 7
(5, 1, -1, 0, 2, UP) 5
(4, 2, -1, 0, 2, DOWN) 3
(3, 2, -1, 0, 3, DOWN) 18
(3, 2, -1, 0, 2, UP) 5
(1, 2, -1, 0, 2, DOWN) 1
(0, 2, -1, 0, 3, DOWN) 28
(0, 2, -1, 0, 2, UP) 10
(0, 2, 1, 0, 3, DOWN) 40
(0, 2, 1, 0, 2, UP) 20
(9, 3, 1, 0, 2, UP) 36
(12, 3, -1, 0, 2, DOWN) 5
(11, 3, -1, 0, 1, UP) 11
(10, 3, -1, 0, 2, DOWN) 22
(8, 4, -1, 0, 2, DOWN) 4
(7, 4, -1, 0, 3, DOWN) 10
(3, 8, 1, 0, 1, HOLD) 9
(4, 8, 1, 0, 2, DOWN) 10
(1, 5, 1, 0, 3, DOWN) 26
(5, 4, 1, 0, 0, HOLD) 4
(6, 4, 1, 0, 0, HOLD) 3
(8, 4, 1, 0, 2, DOWN) 2
(9, 3, 1, 0, 3, DOWN) 23
(11, 3, 1, 0, 2, DOWN) 11
(11, 3, 1, 0, 3, DOWN) 47
(11, 3, 1, 0, 2, UP) 21
(12, 3, -1, 0, 3, DOWN) 30
(11, 3, -1, 0, 2, UP) 15
(9, 3, -1, 0, 3, DOWN) 7
(9, 3, -1, 0, 2, UP) 2
(8, 3, -1, 0, 3, DOWN) 10
(8, 3, -1, 0, 2, UP) 3
(7, 3, -1, 0, 3, DOWN) 14
(7, 3, -1, 0, 2, UP) 3
(6, 3, -1, 0, 3, DOWN) 9
(6, 5, 1, 0, 2, DOWN) 23
(6, 5, 1, 0, 3, DOWN) 38
(7, 5, 1, 0, 2, UP) 28
(10, 7, -1, 0, 5, UP) 3
(9, 7, -1, 0, 5, HOLD) 3
(6, 7, -1, 0, 1, HOLD) 6
(2, 7, -1, 0, 2, DOWN) 14
(3, 7, 1, 0, 1, HOLD) 1
(7, 10, -1, 0, 3, DOWN) 43
(7, 10, -1, 0, 2, UP) 64
(6, 11, -1, 0, 1, HOLD) 10
(3, 11, -1, 0, 2, DOWN) 12
(1, 8, 1, 0, 2, DOWN) 21
(2, 7, 1, 0, 3, DOWN) 34
(2, 7, 1, 0, 2, UP) 20
(11, 0, -1, 0, 1, UP) 4
(10, 0, -1, 0, 2, DOWN) 2
(9, 1, -1, 0, 3, DOWN) 10
(9, 1, -1, 0, 2, UP) 7
(9, 2, -1, 0, 3, DOWN) 7
(7, 4, -1, 0, 2, UP) 8
(6, 5, -1, 0, 2, UP) 6
(6, 6, -1, 0, 1, UP) 5
(4, 8, -1, 0, 2, DOWN) 16
(0, 7, 1, 0, 2, DOWN) 16
(4, 2, 1, 0, 2, UP) 24
(5, 1, 1, 0, 2, HOLD) 17
(6, 11, -1, 0, 2, DOWN) 27
(4, 8, -1, 0, 1, HOLD) 3
(3, 8, -1, 0, 1, HOLD) 11
(2, 6, -1, 0, 2, DOWN) 32
(1, 6, -1, 0, 3, DOWN) 36
(1, 6, -1, 0, 2, UP) 10
(0, 5, -1, 0, 2, DOWN) 10
(1, 3, 1, 0, 3, DOWN) 27
(4, 1, 1, 0, 3, DOWN) 33
(9, 4, 1, 0, 3, DOWN) 46
(1, 10, 1, 0, 3, DOWN) 23
(1, 10, 1, 0, 2, UP) 17
(5, 11, 1, 0, 1, HOLD) 12
(1, 6, 1, 0, 2, UP) 26
(4, 4, 1, 0, 2, DOWN) 3
(4, 3, 1, 0, 3, DOWN) 17
(12, 1, -1, 0, 0, DOWN) 1
(8, 6, -1, 0, 2, DOWN) 4
(0, 5, 1, 0, 2, DOWN) 13
(2, 2, 1, 0, 3, DOWN) 25
(2, 2, 1, 0, 2, UP) 20
(4, 0, 1, 0, 2, HOLD) 20
(7, 11, -1, 0, 2, DOWN) 10
(2, 5, -1, 0, 3, DOWN) 36
(0, 3, 1, 0, 3, DOWN) 27
(11, 8, 1, 0, 2, UP) 18
(2, 7, -1, 0, 1, HOLD) 6
(3, 5, -1, 0, 3, DOWN) 17
(0, 5, -1, 0, 2, UP) 16
(0, 5, -1, 0, 3, DOWN) 26
(0, 5, 1, 0, 2, UP) 17
(3, 4, 1, 0, 3, DOWN) 29
(3, 4, 1, 0, 2, UP) 30
(4, 3, 1, 0, 2, UP) 11
(10, 2, 1, 0, 3, UP) 49
(9, 0, -1, 0, 2, DOWN) 16
(8, 0, -1, 0, 3, DOWN) 14
(8, 0, -1, 0, 2, UP) 8
(8, 1, -1, 0, 3, DOWN) 8
(7, 1, -1, 0, 2, UP) 4
(7, 1, -1, 0, 3, DOWN) 12
(4, 11, 1, 0, 1, HOLD) 4
(6, 9, 1, 0, 2, DOWN) 8
(8, 4, 1, 0, 3, DOWN) 22
(8, 4, 1, 0, 2, UP) 26
(9, 5, 1, 0, 2, UP) 22
(2, 6, 1, 0, 2, DOWN) 20
(9, 1, 1, 0, 3, DOWN) 23
(0, 9, 1, 0, 2, DOWN) 13
(4, 9, 1, 0, 2, DOWN) 3
(7, 9, 1, 0, 2, UP) 20
(7, 9, 1, 0, 3, DOWN) 43
(3, 4, -1, 0, 3, DOWN) 37
(2, 3, -1, 0, 2, UP) 14
(2, 3, -1, 0, 3, DOWN) 24
(6, 0, 1, 0, 3, UP) 23
(11, 2, 1, 0, 2, DOWN) 2
(11, 4, -1, 0, 3, DOWN) 13
(9, 6, -1, 0, 3, DOWN) 6
(9, 6, -1, 0, 2, UP) 4
(7, 9, -1, 0, 3, DOWN) 57
(7, 9, -1, 0, 2, UP) 21
(4, 11, -1, 0, 2, DOWN) 10
(2, 7, -1, 0, 3, DOWN) 32
(5, 2, 1, 0, 3, DOWN) 29
(9, 9, 1, 0, 2, DOWN) 12
(5, 7, -1, 0, 2, DOWN) 2
(4, 7, -1, 0, 3, DOWN) 55
(5, 4, 1, 0, 2, DOWN) 12
(6, 5, 1, 0, 2, UP) 17
(7, 6, 1, 0, 2, UP) 11
(10, 9, 1, 0, 2, DOWN) 14
(10, 10, 1, 0, 3, DOWN) 21
(10, 10, 1, 0, 2, UP) 24
(11, 10, 1, 0, 3, DOWN) 16
(11, 11, 1, 0, 2, UP) 16
(7, 4, -1, 0, 3, UP) 4
(5, 4, -1, 0, 2, DOWN) 6
(4, 3, -1, 0, 3, DOWN) 16
(4, 3, -1, 0, 2, UP) 15
(2, 2, -1, 0, 2, UP) 18
(2, 1, -1, 0, 2, DOWN) 3
(1, 1, -1, 0, 3, DOWN) 21
(1, 1, -1, 0, 2, UP) 11
(1, 0, -1, 0, 1, UP) 2
(0, 0, -1, 0, 1, DOWN) 3
(4, 2, 1, 0, 3, DOWN) 29
(6, 4, 1, 0, 3, DOWN) 27
(9, 6, 1, 0, 3, DOWN) 33
(11, 6, 1, 0, 3, DOWN) 21
(1, 9, 1, 0, 2, UP) 21
(1, 9, 1, 0, 3, DOWN) 28
(2, 8, 1, 0, 1, HOLD) 3
(10, 3, 1, 0, 3, DOWN) 13
(2, 6, -1, 0, 3, DOWN) 26
(1, 2, 1, 0, 2, UP) 20
(8, 5, 1, 0, 3, DOWN) 26
(9, 6, 1, 0, 2, UP) 17
(5, 8, -1, 0, 2, DOWN) 12
(7, 5, 1, 0, 3, DOWN) 20
(9, 8, 1, 0, 2, DOWN) 11
(10, 9, 1, 0, 3, DOWN) 19
(10, 9, 1, 0, 2, UP) 28
(11, 10, 1, 0, 1, UP) 16
(8, 7, -1, 0, 8, DOWN) 3
(5, 7, -1, 0, 1, HOLD) 3
(4, 7, -1, 0, 2, DOWN) 9
(3, 7, -1, 0, 2, DOWN) 1
(2, 7, -1, 0, 2, UP) 16
(4, 7, 1, 0, 2, DOWN) 12
(9, 7, 1, 0, 2, HOLD) 20
(10, 7, 1, 0, 2, HOLD) 20
(7, 8, -1, 0, 1, HOLD) 1
(7, 11, 1, 0, 1, HOLD) 2
(8, 11, 1, 0, 1, HOLD) 5
(1, 9, -1, 0, 2, UP) 22
(2, 6, 1, 0, 3, DOWN) 35
(2, 6, 1, 0, 2, UP) 16
(3, 5, 1, 0, 2, DOWN) 16
(7, 6, 1, 0, 3, DOWN) 27
(8, 7, 1, 0, 3, DOWN) 23
(9, 8, 1, 0, 2, UP) 15
(3, 7, -1, 0, 3, DOWN) 46
(3, 7, 1, 0, 2, UP) 24
(3, 7, 1, 0, 3, DOWN) 27
(4, 7, 1, 0, 2, UP) 20
(2, 2, -1, 0, 3, DOWN) 19
(1, 2, -1, 0, 2, UP) 12
(0, 1, -1, 0, 3, DOWN) 15
(0, 1, -1, 0, 2, UP) 17
(1, 0, 1, 0, 2, DOWN) 2
(4, 1, 1, 0, 1, HOLD) 12
(9, 4, 1, 0, 2, DOWN) 3
(6, 7, -1, 0, 6, DOWN) 2
(2, 6, -1, 0, 2, UP) 19
(0, 5, 1, 0, 3, DOWN) 34
(2, 5, 1, 0, 3, DOWN) 25
(2, 5, 1, 0, 2, UP) 24
(9, 3, 1, 0, 3, UP) 15
(10, 3, 1, 0, 2, UP) 6
(11, 3, 1, 0, 3, UP) 37
(11, 3, -1, 0, 3, UP) 30
(10, 3, -1, 0, 2, UP) 15
(10, 3, -1, 0, 3, DOWN) 11
(8, 4, -1, 0, 2, UP) 5
(4, 4, -1, 0, 1, HOLD) 3
(3, 5, -1, 0, 2, DOWN) 7
(10, 7, 1, 0, 3, HOLD) 26
(11, 7, 1, 0, 3, HOLD) 17
(7, 3, 1, 0, 3, UP) 17
(7, 7, -1, 0, 5, HOLD) 3
(3, 6, -1, 0, 2, DOWN) 15
(9, 4, -1, 0, 2, DOWN) 3
(8, 4, -1, 0, 3, DOWN) 13
(6, 5, -1, 0, 3, DOWN) 11
(3, 9, 1, 0, 3, DOWN) 31
(10, 11, 1, 0, 2, UP) 23
(8, 10, -1, 0, 3, DOWN) 40
(1, 9, -1, 0, 3, DOWN) 37
(1, 7, 1, 0, 2, DOWN) 11
(4, 6, 1, 0, 2, DOWN) 6
(8, 1, -1, 0, 2, UP) 3
(6, 2, -1, 0, 2, HOLD) 4
(0, 6, -1, 0, 2, HOLD) 13
(0, 7, -1, 0, 2, HOLD) 31
(0, 7, 1, 0, 2, HOLD) 16
(4, 10, 1, 0, 3, DOWN) 29
(6, 11, 1, 0, 2, DOWN) 16
(7, 10, 1, 0, 3, DOWN) 27
(7, 10, 1, 0, 2, UP) 16
(10, 8, 1, 0, 1, HOLD) 2
(1, 2, 1, 0, 3, DOWN) 21
(6, 2, 1, 0, 2, HOLD) 21
(10, 6, 1, 0, 3, HOLD) 21
(8, 9, -1, 0, 2, DOWN) 3
(0, 8, 1, 0, 3, DOWN) 22
(0, 8, 1, 0, 2, UP) 28
(8, 3, 1, 0, 3, UP) 11
(9, 2, 1, 0, 3, UP) 8
(10, 1, -1, 0, 2, DOWN) 7
(9, 2, -1, 0, 2, UP) 6
(7, 7, 1, 0, 3, DOWN) 24
(7, 7, 1, 0, 2, UP) 32
(10, 8, 1, 0, 2, UP) 24
(5, 7, -1, 0, 3, DOWN) 32
(1, 7, -1, 0, 3, HOLD) 25
(0, 7, -1, 0, 3, HOLD) 20
(0, 7, 1, 0, 3, HOLD) 17
(4, 7, 1, 0, 3, DOWN) 35
(5, 7, 1, 0, 2, UP) 16
(0, 11, -1, 0, 3, DOWN) 31
(11, 5, 1, 0, 3, DOWN) 21
(6, 1, 1, 0, 2, UP) 15
(6, 10, -1, 0, 1, HOLD) 2
(11, 5, 1, 0, 2, UP) 18
(4, 1, 1, 0, 2, UP) 16
(1, 5, -1, 0, 3, HOLD) 10
(0, 4, -1, 0, 2, HOLD) 15
(0, 4, 1, 0, 2, HOLD) 18
(1, 4, 1, 0, 2, HOLD) 22
(10, 1, -1, 0, 1, HOLD) 6
(7, 3, -1, 0, 3, UP) 9
(10, 10, 1, 0, 2, DOWN) 18
(5, 8, -1, 0, 3, DOWN) 42
(5, 8, -1, 0, 2, UP) 62
(1, 8, -1, 0, 1, HOLD) 13
(0, 8, -1, 0, 1, HOLD) 5
(0, 8, 1, 0, 1, HOLD) 6
(4, 8, 1, 0, 1, HOLD) 3
(5, 8, 1, 0, 2, DOWN) 12
(5, 8, 1, 0, 3, DOWN) 24
(5, 8, 1, 0, 2, UP) 21
(3, 11, -1, 0, 2, UP) 15
(3, 11, -1, 0, 3, DOWN) 63
(3, 9, 1, 0, 2, UP) 20
(4, 9, 1, 0, 2, UP) 22
(11, 6, 1, 0, 3, UP) 5
(3, 9, -1, 0, 2, UP) 24
(3, 8, -1, 0, 2, DOWN) 35
(2, 8, -1, 0, 3, DOWN) 35
(2, 8, -1, 0, 2, UP) 46
(1, 5, 1, 0, 3, HOLD) 17
(1, 4, 1, 0, 3, HOLD) 20
(12, 4, -1, 0, 1, UP) 1
(5, 5, -1, 0, 1, HOLD) 2
(4, 5, -1, 0, 2, DOWN) 3
(4, 5, -1, 0, 3, DOWN) 4
(4, 5, -1, 0, 2, UP) 7
(3, 6, 1, 0, 2, UP) 33
(3, 6, 1, 0, 3, DOWN) 27
(11, 7, 1, 0, 2, HOLD) 19
(3, 9, -1, 0, 3, DOWN) 32
(6, 10, 1, 0, 1, HOLD) 8
(7, 10, 1, 0, 2, DOWN) 4
(8, 10, 1, 0, 2, UP) 30
(9, 10, 1, 0, 2, DOWN) 11
(10, 11, 1, 0, 3, DOWN) 30
(3, 6, -1, 0, 3, DOWN) 19
(4, 5, 1, 0, 3, DOWN) 21
(4, 5, 1, 0, 2, UP) 23
(5, 5, 1, 0, 2, DOWN) 6
(1, 1, 1, 0, 3, DOWN) 33
(1, 1, 1, 0, 2, UP) 15
(3, 0, 1, 0, 2, HOLD) 17
(11, 3, -1, 0, 1, HOLD) 3
(9, 5, -1, 0, 3, DOWN) 8
(8, 5, -1, 0, 3, DOWN) 14
(8, 6, -1, 0, 3, DOWN) 3
(8, 6, -1, 0, 4, DOWN) 7
(7, 6, -1, 0, 3, UP) 4
(1, 8, 1, 0, 3, DOWN) 34
(6, 3, 1, 0, 2, HOLD) 20
(9, 0, 1, 0, 2, DOWN) 21
(9, 0, 1, 0, 3, DOWN) 26
(10, 0, 1, 0, 2, UP) 21
(4, 6, -1, 0, 2, DOWN) 11
(3, 11, 1, 0, 3, DOWN) 38
(3, 11, 1, 0, 2, UP) 15
(3, 11, 1, 0, 2, DOWN) 4
(8, 10, 1, 0, 3, DOWN) 24
(1, 5, -1, 0, 2, HOLD) 21
(1, 4, -1, 0, 2, HOLD) 12
(2, 1, 1, 0, 3, DOWN) 28
(8, 5, 1, 0, 2, UP) 16
(9, 6, 1, 0, 2, HOLD) 15
(2, 8, 1, 0, 3, DOWN) 23
(2, 8, 1, 0, 2, UP) 19
(3, 8, 1, 0, 2, DOWN) 17
(5, 7, 1, 0, 3, DOWN) 28
(11, 4, 1, 0, 2, DOWN) 5
(10, 2, -1, 0, 3, UP) 13
(7, 0, -1, 0, 3, DOWN) 11
(6, 0, -1, 0, 3, UP) 6
(6, 1, -1, 0, 2, UP) 5
(6, 10, 1, 0, 3, DOWN) 25
(6, 10, 1, 0, 2, UP) 18
(8, 8, 1, 0, 1, HOLD) 3
(11, 6, 1, 0, 2, DOWN) 2
(2, 4, -1, 0, 3, HOLD) 15
(1, 4, -1, 0, 3, HOLD) 24
(6, 1, 1, 0, 2, HOLD) 15
(7, 1, 1, 0, 2, HOLD) 25
(9, 0, 1, 0, 2, UP) 15
(10, 0, 1, 0, 3, DOWN) 27
(3, 5, 1, 0, 3, DOWN) 20
(3, 1, 1, 0, 2, HOLD) 16
(10, 1, 1, 0, 3, UP) 8
(9, 2, -1, 0, 3, UP) 5
(8, 2, -1, 0, 3, UP) 2
(6, 1, -1, 0, 3, DOWN) 11
(4, 1, -1, 0, 2, UP) 4
(4, 1, -1, 0, 3, DOWN) 6
(3, 1, -1, 0, 2, UP) 1
(8, 0, 1, 0, 3, UP) 20
(2, 8, 1, 0, 2, DOWN) 8
(6, 8, 1, 0, 1, HOLD) 1
(8, 9, 1, 0, 1, HOLD) 1
(9, 9, 1, 0, 1, HOLD) 5
(3, 8, 1, 0, 2, UP) 25
(3, 8, -1, 0, 2, UP) 21
(3, 8, -1, 0, 3, DOWN) 48
(0, 5, 1, 0, 2, HOLD) 17
(7, 0, 1, 0, 3, UP) 20
(9, 1, 1, 0, 3, UP) 7
(4, 8, -1, 0, 3, DOWN) 38
(4, 8, -1, 0, 2, UP) 27
(9, 10, 1, 0, 3, DOWN) 29
(9, 10, 1, 0, 2, UP) 15
(2, 11, -1, 0, 3, DOWN) 39
(8, 4, 1, 0, 3, UP) 5
(10, 1, -1, 0, 3, DOWN) 4
(9, 1, -1, 0, 3, UP) 1
(9, 0, -1, 0, 2, UP) 5
(7, 0, -1, 0, 2, UP) 3
(5, 1, -1, 0, 3, UP) 14
(5, 2, -1, 0, 3, DOWN) 9
(4, 2, -1, 0, 2, UP) 7
(4, 2, -1, 0, 3, DOWN) 8
(3, 8, 1, 0, 3, DOWN) 22
(4, 9, 1, 0, 3, DOWN) 31
(5, 10, 1, 0, 2, DOWN) 1
(5, 10, 1, 0, 3, DOWN) 23
(9, 10, 1, 0, 1, HOLD) 3
(9, 6, -1, 0, 8, DOWN) 1
(11, 1, 1, 0, 2, UP) 21
(8, 9, -1, 0, 3, DOWN) 52
(5, 10, -1, 0, 3, DOWN) 39
(5, 10, -1, 0, 2, UP) 27
(2, 11, 1, 0, 3, DOWN) 27
(8, 8, 1, 0, 2, DOWN) 3
(9, 8, 1, 0, 3, DOWN) 30
(11, 8, 1, 0, 1, HOLD) 1
(8, 6, -1, 0, 5, UP) 11
(8, 5, -1, 0, 4, UP) 13
(2, 1, -1, 0, 3, DOWN) 4
(1, 0, 1, 0, 3, DOWN) 32
(1, 0, 1, 0, 2, UP) 29
(7, 4, 1, 0, 3, UP) 7
(1, 7, -1, 0, 3, UP) 28
(1, 7, 1, 0, 3, UP) 14
(6, 7, 1, 0, 2, DOWN) 5
(7, 11, -1, 0, 3, DOWN) 37
(6, 11, -1, 0, 2, UP) 34
(1, 8, -1, 0, 3, DOWN) 23
(0, 8, -1, 0, 2, UP) 7
(0, 8, -1, 0, 2, HOLD) 25
(8, 1, 1, 0, 3, UP) 18
(7, 11, -1, 0, 2, UP) 67
(6, 11, -1, 0, 3, DOWN) 59
(5, 11, -1, 0, 3, DOWN) 45
(0, 6, -1, 0, 3, UP) 11
(0, 6, 1, 0, 3, UP) 25
(5, 1, 1, 0, 3, UP) 18
(9, 3, -1, 0, 2, DOWN) 5
(5, 3, -1, 0, 3, UP) 6
(1, 3, -1, 0, 3, HOLD) 20
(0, 8, -1, 0, 3, DOWN) 21
(4, 8, 1, 0, 3, DOWN) 19
(5, 10, 1, 0, 2, UP) 26
(8, 9, 1, 0, 2, DOWN) 3
(10, 8, 1, 0, 3, DOWN) 23
(11, 8, 1, 0, 2, DOWN) 2
(4, 6, 1, 0, 3, DOWN) 26
(5, 5, 1, 0, 3, DOWN) 32
(5, 5, 1, 0, 2, UP) 24
(11, 0, -1, 0, 1, HOLD) 2
(10, 0, -1, 0, 1, HOLD) 4
(6, 4, -1, 0, 1, HOLD) 1
(0, 11, 1, 0, 2, DOWN) 3
(6, 5, 1, 0, 2, HOLD) 18
(7, 4, 1, 0, 2, HOLD) 26
(11, 0, 1, 0, 2, UP) 15
(4, 5, 1, 0, 2, DOWN) 12
(7, 5, 1, 0, 3, UP) 8
(9, 4, 1, 0, 2, UP) 13
(5, 3, -1, 0, 2, DOWN) 2
(0, 0, 1, 0, 2, DOWN) 11
(4, 2, 1, 0, 3, UP) 13
(5, 3, 1, 0, 3, UP) 11
(10, 6, 1, 0, 2, HOLD) 19
(3, 5, 1, 0, 2, UP) 11
(11, 4, 1, 0, 3, DOWN) 32
(8, 1, -1, 0, 3, UP) 2
(7, 0, -1, 0, 3, HOLD) 2
(6, 0, -1, 0, 3, HOLD) 2
(6, 0, -1, 0, 2, UP) 2
(3, 2, -1, 0, 2, HOLD) 14
(1, 3, -1, 0, 2, HOLD) 39
(4, 8, 1, 0, 2, UP) 14
(5, 9, 1, 0, 3, DOWN) 27
(8, 11, 1, 0, 3, DOWN) 23
(11, 4, 1, 0, 3, UP) 33
(11, 4, 1, 0, 2, UP) 7
(12, 4, -1, 0, 3, DOWN) 18
(10, 4, -1, 0, 3, UP) 16
(8, 5, -1, 0, 2, UP) 8
(5, 5, -1, 0, 2, UP) 6
(5, 5, -1, 0, 3, DOWN) 6
(1, 2, -1, 0, 3, DOWN) 27
(3, 0, 1, 0, 3, UP) 16
(12, 4, -1, 0, 3, UP) 6
(11, 4, -1, 0, 3, UP) 10
(10, 5, -1, 0, 2, UP) 2
(8, 6, -1, 0, 3, HOLD) 7
(8, 6, -1, 0, 3, UP) 2
(7, 7, -1, 0, 3, DOWN) 10
(6, 7, -1, 0, 2, DOWN) 3
(6, 7, 1, 0, 3, DOWN) 25
(10, 4, 1, 0, 3, UP) 23
(10, 1, -1, 0, 3, UP) 1
(8, 0, -1, 0, 2, HOLD) 19
(7, 1, -1, 0, 2, HOLD) 5
(4, 4, -1, 0, 2, DOWN) 1
(2, 7, -1, 0, 3, HOLD) 24
(7, 5, 1, 0, 2, HOLD) 18
(0, 8, 1, 0, 3, HOLD) 15
(1, 7, 1, 0, 3, HOLD) 19
(5, 4, 1, 0, 2, UP) 13
(12, 0, -1, 0, 1, DOWN) 1
(8, 2, -1, 0, 2, HOLD) 26
(6, 4, -1, 0, 3, DOWN) 12
(4, 6, -1, 0, 3, DOWN) 14
(0, 11, 1, 0, 3, DOWN) 34
(6, 7, 1, 0, 2, UP) 17
(11, 1, -1, 0, 0, HOLD) 3
(0, 6, -1, 0, 3, HOLD) 12
(5, 11, 1, 0, 3, DOWN) 19
(6, 11, 1, 0, 2, UP) 15
(6, 11, 1, 0, 3, DOWN) 23
(7, 11, 1, 0, 2, UP) 17
(9, 9, 1, 0, 3, DOWN) 19
(9, 7, -1, 0, 6, HOLD) 6
(9, 7, -1, 0, 5, UP) 5
(6, 7, -1, 0, 3, DOWN) 23
(2, 7, -1, 0, 2, HOLD) 25
(1, 7, -1, 0, 2, HOLD) 33
(1, 7, 1, 0, 2, HOLD) 15
(5, 4, 1, 0, 3, DOWN) 21
(4, 1, -1, 0, 2, HOLD) 5
(8, 6, -1, 0, 4, UP) 11
(2, 0, 1, 0, 3, HOLD) 16
(3, 0, 1, 0, 3, HOLD) 25
(5, 2, 1, 0, 2, UP) 17
(9, 4, 1, 0, 3, UP) 7
(8, 8, -1, 0, 1, HOLD) 1
(7, 11, 1, 0, 3, DOWN) 27
(1, 0, 1, 0, 2, HOLD) 15
(2, 1, 1, 0, 2, UP) 22
(2, 1, 1, 0, 2, HOLD) 15
(3, 2, 1, 0, 2, HOLD) 28
(6, 6, 1, 0, 2, DOWN) 4
(2, 1, 1, 0, 3, HOLD) 15
(5, 0, 1, 0, 3, HOLD) 17
(6, 0, 1, 0, 3, HOLD) 17
(7, 0, 1, 0, 2, HOLD) 24
(11, 2, 1, 0, 2, UP) 10
(11, 2, 1, 0, 3, DOWN) 14
(8, 1, -1, 0, 2, HOLD) 6
(5, 0, -1, 0, 2, DOWN) 8
(4, 0, -1, 0, 2, HOLD) 4
(3, 0, -1, 0, 2, HOLD) 3
(2, 0, -1, 0, 2, HOLD) 6
(2, 0, -1, 0, 3, DOWN) 1
(1, 0, -1, 0, 2, UP) 1
(6, 4, 1, 0, 2, UP) 19
(8, 5, 1, 0, 3, HOLD) 8
(9, 5, 1, 0, 3, HOLD) 17
(11, 6, 1, 0, 2, UP) 15
(5, 6, 1, 0, 2, DOWN) 17
(10, 0, -1, 0, 0, HOLD) 6
(9, 0, -1, 0, 1, HOLD) 7
(5, 6, -1, 0, 3, DOWN) 12
(0, 9, 1, 0, 3, UP) 23
(1, 8, 1, 0, 2, UP) 13
(2, 7, 1, 0, 3, UP) 18
(4, 4, 1, 0, 3, DOWN) 19
(6, 1, 1, 0, 3, HOLD) 18
(12, 5, -1, 0, 3, DOWN) 2
(11, 5, -1, 0, 2, UP) 3
(10, 6, -1, 0, 3, DOWN) 7
(9, 7, -1, 0, 3, UP) 7
(8, 8, -1, 0, 3, DOWN) 74
(3, 8, -1, 0, 3, HOLD) 18
(10, 8, 1, 0, 3, UP) 13
(3, 7, -1, 0, 2, HOLD) 39
(5, 6, 1, 0, 3, DOWN) 32
(5, 6, 1, 0, 2, UP) 16
(6, 6, 1, 0, 0, HOLD) 1
(0, 9, -1, 0, 3, UP) 17
(1, 8, 1, 0, 3, HOLD) 4
(2, 7, 1, 0, 3, HOLD) 18
(0, 10, 1, 0, 2, DOWN) 8
(2, 8, 1, 0, 2, HOLD) 15
(2, 7, 1, 0, 2, HOLD) 20
(4, 6, 1, 0, 2, UP) 16
(10, 5, -1, 0, 2, HOLD) 1
(9, 5, -1, 0, 2, HOLD) 1
(2, 11, 1, 0, 2, UP) 15
(1, 8, -1, 0, 2, UP) 16
(1, 6, 1, 0, 3, UP) 17
(7, 2, 1, 0, 2, HOLD) 25
(9, 0, 1, 0, 3, UP) 16
(10, 0, 1, 0, 3, UP) 7
(3, 7, -1, 0, 3, HOLD) 16
(1, 6, -1, 0, 3, HOLD) 17
(0, 6, 1, 0, 3, HOLD) 19
(1, 6, 1, 0, 3, HOLD) 21
(3, 6, -1, 0, 2, HOLD) 10
(2, 6, -1, 0, 2, HOLD) 36
(0, 3, 1, 0, 3, UP) 25
(2, 0, 1, 0, 2, HOLD) 20
(9, 6, 1, 0, 3, HOLD) 19
(0, 6, 1, 0, 2, HOLD) 16
(1, 6, 1, 0, 2, HOLD) 15
(2, 6, 1, 0, 2, HOLD) 18
(7, 2, -1, 0, 2, HOLD) 3
(5, 2, -1, 0, 2, UP) 3
(4, 2, -1, 0, 3, UP) 4
(2, 2, 1, 0, 2, HOLD) 15
(5, 2, 1, 0, 2, HOLD) 15
(8, 1, -1, 0, 3, HOLD) 2
(7, 1, -1, 0, 3, HOLD) 6
(3, 1, -1, 0, 2, HOLD) 3
(3, 1, -1, 0, 3, DOWN) 3
(2, 1, -1, 0, 2, UP) 4
(9, 1, 1, 0, 2, HOLD) 19
(7, 0, -1, 0, 2, HOLD) 1
(6, 0, -1, 0, 3, DOWN) 5
(0, 3, -1, 0, 3, UP) 18
(6, 8, -1, 0, 3, DOWN) 38
(7, 8, 1, 0, 2, DOWN) 6
(8, 9, 1, 0, 3, DOWN) 12
(8, 9, 1, 0, 2, UP) 26
(1, 8, -1, 0, 2, HOLD) 33
(6, 2, 1, 0, 3, HOLD) 25
(7, 1, 1, 0, 3, HOLD) 21
(4, 4, 1, 0, 2, UP) 15
(3, 7, -1, 0, 3, UP) 39
(1, 6, -1, 0, 2, HOLD) 26
(8, 3, 1, 0, 2, HOLD) 24
(6, 8, -1, 0, 2, UP) 16
(8, 8, -1, 0, 2, DOWN) 2
(1, 8, -1, 0, 3, HOLD) 2
(1, 5, -1, 0, 3, UP) 24
(8, 2, 1, 0, 2, HOLD) 75
(11, 1, 1, 0, 3, DOWN) 17
(2, 11, -1, 0, 2, UP) 18
(0, 11, -1, 0, 2, UP) 15
(0, 11, 1, 0, 2, UP) 16
(11, 8, 1, 0, 3, DOWN) 15
(3, 7, 1, 0, 3, UP) 16
(12, 2, -1, 0, 2, DOWN) 9
(11, 1, -1, 0, 3, DOWN) 3
(10, 1, -1, 0, 2, UP) 3
(10, 0, -1, 0, 3, DOWN) 2
(9, 0, -1, 0, 3, UP) 1
(9, 1, -1, 0, 2, HOLD) 1
(6, 4, -1, 0, 2, HOLD) 2
(9, 4, 1, 0, 2, HOLD) 47
(9, 5, 1, 0, 2, HOLD) 19
(11, 6, 1, 0, 2, HOLD) 18
(8, 11, -1, 0, 3, DOWN) 32
(2, 8, -1, 0, 2, HOLD) 24
(0, 5, 1, 0, 3, HOLD) 10
(5, 1, 1, 0, 3, HOLD) 21
(8, 1, 1, 0, 2, HOLD) 35
(9, 7, -1, 0, 2, UP) 4
(5, 5, 1, 0, 2, HOLD) 17
(6, 6, 1, 0, 2, UP) 31
(6, 6, 1, 0, 3, DOWN) 20
(3, 3, -1, 0, 3, UP) 4
(2, 4, -1, 0, 2, HOLD) 14
(4, 1, 1, 0, 2, HOLD) 15
(11, 0, 1, 0, 3, DOWN) 15
(5, 9, -1, 0, 1, HOLD) 1
(4, 11, -1, 0, 3, DOWN) 28
(6, 8, 1, 0, 2, DOWN) 4
(7, 3, 1, 0, 3, HOLD) 32
(8, 3, 1, 0, 3, HOLD) 38
(10, 4, 1, 0, 2, HOLD) 3
(2, 8, -1, 0, 3, HOLD) 20
(3, 3, 1, 0, 3, UP) 12
(6, 0, 1, 0, 2, HOLD) 16
(9, 2, 1, 0, 2, HOLD) 47
(10, 4, -1, 0, 3, HOLD) 4
(10, 5, -1, 0, 3, HOLD) 8
(9, 5, -1, 0, 3, HOLD) 7
(7, 6, -1, 0, 3, DOWN) 9
(6, 6, -1, 0, 2, UP) 5
(6, 6, -1, 0, 3, DOWN) 10
(5, 11, 1, 0, 2, DOWN) 2
(3, 6, 1, 0, 3, UP) 19
(5, 9, -1, 0, 3, DOWN) 42
(5, 9, -1, 0, 2, UP) 24
(4, 1, 1, 0, 3, HOLD) 15
(7, 3, 1, 0, 2, HOLD) 23
(0, 1, -1, 0, 3, UP) 10
(0, 0, 1, 0, 2, UP) 11
(7, 8, 1, 0, 1, HOLD) 1
(11, 10, 1, 0, 2, UP) 16
(7, 0, 1, 0, 3, HOLD) 23
(2, 10, -1, 0, 3, UP) 20
(9, 9, 1, 0, 2, UP) 15
(0, 3, -1, 0, 3, HOLD) 14
(0, 2, -1, 0, 3, HOLD) 20
(0, 2, 1, 0, 3, HOLD) 22
(1, 2, 1, 0, 3, UP) 21
(9, 4, -1, 0, 3, HOLD) 6
(8, 6, -1, 0, 2, UP) 4
(4, 10, -1, 0, 3, UP) 21
(1, 10, -1, 0, 2, HOLD) 25
(1, 8, 1, 0, 2, HOLD) 17
(9, 4, -1, 0, 3, DOWN) 6
(9, 4, -1, 0, 2, UP) 4
(7, 6, -1, 0, 4, DOWN) 1
(7, 6, -1, 0, 4, UP) 2
(0, 10, -1, 0, 2, HOLD) 11
(6, 4, 1, 0, 2, HOLD) 15
(1, 2, -1, 0, 3, UP) 14
(6, 8, 1, 0, 2, UP) 18
(11, 9, 1, 0, 3, DOWN) 18
(11, 9, 1, 0, 2, UP) 12
(1, 9, -1, 0, 2, HOLD) 23
(0, 9, -1, 0, 2, HOLD) 23
(0, 9, 1, 0, 2, HOLD) 17
(2, 8, 1, 0, 3, HOLD) 19
(3, 7, 1, 0, 3, HOLD) 16
(5, 6, 1, 0, 2, HOLD) 19
(10, 2, -1, 0, 2, HOLD) 4
(9, 3, -1, 0, 3, UP) 2
(8, 3, -1, 0, 3, HOLD) 13
(7, 3, -1, 0, 3, HOLD) 7
(6, 3, -1, 0, 2, HOLD) 4
(4, 4, -1, 0, 3, DOWN) 11
(7, 8, -1, 0, 3, DOWN) 40
(0, 10, 1, 0, 2, HOLD) 15
(1, 9, 1, 0, 2, HOLD) 18
(5, 9, 1, 0, 2, UP) 16
(2, 3, 1, 0, 2, HOLD) 21
(11, 5, -1, 0, 2, HOLD) 1
(10, 6, -1, 0, 2, HOLD) 1
(7, 9, -1, 0, 3, UP) 39
(0, 5, 1, 0, 3, UP) 10
(10, 4, 1, 0, 3, HOLD) 5
(4, 11, -1, 0, 2, UP) 24
(0, 11, 1, 0, 2, HOLD) 14
(2, 10, 1, 0, 3, UP) 18
(2, 9, 1, 0, 3, UP) 17
(6, 8, 1, 0, 3, DOWN) 31
(2, 9, -1, 0, 3, UP) 13
(1, 5, 1, 0, 3, UP) 20
(9, 0, 1, 0, 2, HOLD) 20
(3, 11, -1, 0, 2, HOLD) 34
(2, 10, -1, 0, 2, HOLD) 32
(9, 2, -1, 0, 2, HOLD) 30
(2, 2, -1, 0, 2, HOLD) 29
(1, 2, -1, 0, 3, HOLD) 8
(9, 4, -1, 0, 2, HOLD) 32
(8, 4, -1, 0, 3, UP) 3
(7, 5, -1, 0, 2, HOLD) 3
(6, 5, -1, 0, 2, HOLD) 5
(4, 7, -1, 0, 2, HOLD) 17
(4, 11, 1, 0, 2, UP) 17
(4, 11, 1, 0, 3, DOWN) 19
(7, 9, 1, 0, 3, UP) 12
(8, 8, 1, 0, 3, DOWN) 19
(9, 8, 1, 0, 3, HOLD) 16
(1, 3, 1, 0, 2, HOLD) 15
(4, 7, -1, 0, 3, HOLD) 30
(0, 7, -1, 0, 3, UP) 15
(0, 7, 1, 0, 3, UP) 17
(8, 7, 1, 0, 2, HOLD) 15
(0, 5, -1, 0, 3, UP) 4
(4, 3, 1, 0, 2, HOLD) 25
(5, 3, 1, 0, 2, HOLD) 17
(6, 9, 1, 0, 2, HOLD) 21
(6, 9, -1, 0, 2, HOLD) 14
(1, 11, 1, 0, 3, HOLD) 17
(2, 10, 1, 0, 3, HOLD) 19
(4, 10, 1, 0, 3, UP) 16
(7, 8, 1, 0, 2, UP) 18
(8, 8, 1, 0, 2, UP) 29
(10, 8, 1, 0, 2, HOLD) 16
(3, 5, 1, 0, 2, HOLD) 19
(3, 4, 1, 0, 2, HOLD) 16
(8, 4, 1, 0, 3, HOLD) 17
(7, 6, -1, 0, 2, UP) 1
(3, 10, -1, 0, 2, HOLD) 20
(1, 10, -1, 0, 3, HOLD) 11
(1, 11, -1, 0, 3, HOLD) 25
(1, 11, 1, 0, 2, HOLD) 19
(1, 2, 1, 0, 3, HOLD) 8
(2, 2, 1, 0, 3, HOLD) 18
(4, 10, -1, 0, 2, HOLD) 20
(3, 9, -1, 0, 2, HOLD) 36
(2, 5, 1, 0, 3, UP) 17
(6, 2, 1, 0, 1, HOLD) 11
(7, 8, -1, 0, 2, UP) 22
(2, 9, 1, 0, 3, HOLD) 15
(3, 9, 1, 0, 3, HOLD) 17
(5, 9, 1, 0, 2, HOLD) 15
(8, 9, -1, 0, 2, HOLD) 16
(7, 9, -1, 0, 2, HOLD) 27
(2, 11, -1, 0, 3, HOLD) 12
(1, 10, 1, 0, 2, HOLD) 12
(2, 10, 1, 0, 2, HOLD) 16
(3, 10, 1, 0, 2, HOLD) 18
(7, 8, 1, 0, 3, DOWN) 19
(3, 5, -1, 0, 2, HOLD) 18
(2, 5, -1, 0, 2, HOLD) 28
(4, 3, 1, 0, 3, HOLD) 4
(7, 2, 1, 0, 3, HOLD) 17
(6, 10, -1, 0, 2, HOLD) 35
(3, 6, -1, 0, 3, HOLD) 23
(2, 5, -1, 0, 3, HOLD) 12
(0, 3, -1, 0, 2, HOLD) 20
(0, 2, 1, 0, 2, HOLD) 15
(5, 2, 1, 0, 3, HOLD) 18
(5, 3, 1, 0, 3, HOLD) 14
(8, 7, 1, 0, 2, UP) 14
(4, 9, -1, 0, 2, HOLD) 29
(2, 9, -1, 0, 2, HOLD) 27
(8, 11, 1, 0, 2, UP) 15
(8, 11, 1, 0, 2, HOLD) 9
(9, 11, 1, 0, 2, HOLD) 18
(10, 11, 1, 0, 3, UP) 12
(0, 3, 1, 0, 2, HOLD) 18
(0, 11, -1, 0, 2, HOLD) 12
(2, 9, 1, 0, 2, HOLD) 18
(3, 9, 1, 0, 2, HOLD) 16
(4, 9, -1, 0, 3, HOLD) 22
(3, 9, -1, 0, 3, HOLD) 24
(2, 4, 1, 0, 3, UP) 18
(4, 2, 1, 0, 3, HOLD) 17
(1, 10, 1, 0, 3, UP) 19
(0, 4, -1, 0, 3, HOLD) 22
(0, 3, 1, 0, 3, HOLD) 18
(3, 2, 1, 0, 3, HOLD) 20
(8, 0, 1, 0, 3, HOLD) 15
(7, 8, -1, 0, 3, HOLD) 26
(1, 10, -1, 0, 3, UP) 16
(10, 10, 1, 0, 3, UP) 6
(7, 9, 1, 0, 2, HOLD) 11
(8, 9, 1, 0, 2, HOLD) 7
(9, 10, 1, 0, 2, HOLD) 21
(8, 9, -1, 0, 3, HOLD) 20
(4, 11, -1, 0, 2, HOLD) 18
(2, 11, -1, 0, 2, HOLD) 9
(1, 11, -1, 0, 2, HOLD) 7
(9, 6, 1, 0, 3, UP) 15
(4, 6, -1, 0, 5, UP) 2
(0, 4, 1, 0, 3, HOLD) 17
(10, 1, 1, 0, 2, HOLD) 17
(4, 9, -1, 0, 3, UP) 17
(2, 9, -1, 0, 3, HOLD) 19
(0, 9, -1, 0, 3, HOLD) 14
(1, 3, 1, 0, 3, UP) 10
(8, 4, 1, 0, 2, HOLD) 36
(10, 5, 1, 0, 2, HOLD) 20
(4, 3, -1, 0, 2, HOLD) 14
(3, 3, -1, 0, 2, HOLD) 20
(0, 1, 1, 0, 3, UP) 13
(0, 0, 1, 0, 3, DOWN) 21
(9, 9, -1, 0, 3, HOLD) 5
(8, 10, -1, 0, 3, HOLD) 67
(5, 11, -1, 0, 2, UP) 26
(3, 10, -1, 0, 3, HOLD) 16
(2, 5, 1, 0, 3, HOLD) 17
(8, 0, 1, 0, 2, HOLD) 13
(10, 0, 1, 0, 2, HOLD) 21
(1, 10, 1, 0, 3, HOLD) 16
(8, 10, -1, 0, 2, HOLD) 3
(1, 3, -1, 0, 3, UP) 13
(7, 10, 1, 0, 3, HOLD) 19
(8, 10, 1, 0, 3, HOLD) 20
(5, 4, -1, 0, 3, HOLD) 2
(5, 3, -1, 0, 3, HOLD) 8
(4, 3, -1, 0, 3, HOLD) 2
(3, 2, -1, 0, 3, HOLD) 16
(2, 2, -1, 0, 3, HOLD) 5
(2, 1, -1, 0, 2, HOLD) 6
(1, 1, -1, 0, 2, HOLD) 14
(0, 0, -1, 0, 3, DOWN) 6
(4, 2, 1, 0, 2, HOLD) 16
(2, 3, 1, 0, 3, HOLD) 13
(9, 0, 1, 0, 3, HOLD) 11
(10, 0, 1, 0, 3, HOLD) 17
(7, 6, -1, 0, 6, UP) 4
(3, 4, -1, 0, 2, HOLD) 24
(2, 3, -1, 0, 2, HOLD) 9
(0, 2, -1, 0, 2, HOLD) 20
(1, 1, 1, 0, 2, HOLD) 20
(4, 0, 1, 0, 3, HOLD) 15
(10, 3, -1, 0, 2, HOLD) 7
(8, 4, -1, 0, 2, HOLD) 15
(4, 9, 1, 0, 3, UP) 16
(5, 2, 1, 0, 3, UP) 15
(10, 5, 1, 0, 3, HOLD) 25
(3, 1, 1, 0, 3, HOLD) 18
(6, 6, -1, 0, 2, DOWN) 2
(2, 10, -1, 0, 3, HOLD) 7
(3, 8, 1, 0, 3, HOLD) 16
(1, 9, 1, 0, 3, HOLD) 16
(5, 10, -1, 0, 3, UP) 25
(3, 4, 1, 0, 3, HOLD) 17
(5, 8, -1, 0, 3, UP) 10
(0, 10, -1, 0, 3, HOLD) 24
(0, 9, 1, 0, 3, HOLD) 17
(7, 10, -1, 0, 2, HOLD) 7
(2, 3, -1, 0, 3, HOLD) 28
(3, 3, 1, 0, 3, HOLD) 15
(4, 5, 1, 0, 3, UP) 10
(6, 7, 1, 0, 3, UP) 12
(7, 8, 1, 0, 3, HOLD) 18
(8, 10, 1, 0, 2, HOLD) 15
(2, 11, 1, 0, 2, HOLD) 11
(3, 11, 1, 0, 2, HOLD) 16
(5, 11, 1, 0, 2, UP) 21
(0, 10, 1, 0, 3, HOLD) 17
(5, 8, 1, 0, 3, UP) 3
(6, 6, -1, 0, 2, HOLD) 5
(5, 6, -1, 0, 2, HOLD) 4
(5, 10, 1, 0, 3, UP) 19
(0, 5, -1, 0, 3, HOLD) 25
(1, 3, 1, 0, 3, HOLD) 16
(4, 7, 1, 0, 2, HOLD) 18
(8, 5, 1, 0, 2, HOLD) 22
(12, 3, -1, 0, 1, UP) 1
(10, 1, -1, 0, 2, HOLD) 3
(9, 0, -1, 0, 3, DOWN) 2
(9, 0, -1, 0, 3, HOLD) 3
(6, 3, -1, 0, 2, DOWN) 6
(4, 6, -1, 0, 2, HOLD) 11
(3, 8, -1, 0, 2, HOLD) 30
(0, 11, -1, 0, 3, HOLD) 17
(4, 4, 1, 0, 3, HOLD) 2
(6, 1, 1, 0, 3, UP) 16
(5, 10, -1, 0, 3, HOLD) 19
(4, 10, -1, 0, 3, HOLD) 21
(0, 11, 1, 0, 3, HOLD) 16
(0, 8, -1, 0, 3, UP) 9
(0, 8, 1, 0, 3, UP) 17
(9, 10, -1, 0, 3, HOLD) 28
(6, 0, 1, 0, 2, DOWN) 17
(11, 5, -1, 0, 3, HOLD) 5
(9, 6, -1, 0, 3, UP) 5
(9, 6, -1, 0, 3, HOLD) 3
(8, 7, -1, 0, 3, DOWN) 4
(7, 8, -1, 0, 2, HOLD) 6
(10, 6, -1, 0, 3, HOLD) 3
(9, 7, -1, 0, 3, HOLD) 1
(10, 11, 1, 0, 2, HOLD) 19
(1, 0, 1, 0, 3, UP) 16
(6, 6, 1, 0, 2, HOLD) 15
(7, 7, 1, 0, 3, UP) 7
(10, 10, 1, 0, 3, HOLD) 21
(5, 9, -1, 0, 3, HOLD) 45
(0, 5, -1, 0, 2, HOLD) 7
(7, 10, 1, 0, 2, HOLD) 14
(1, 9, -1, 0, 3, HOLD) 23
(4, 10, 1, 0, 2, HOLD) 8
(3, 8, 1, 0, 2, HOLD) 17
(7, 6, 1, 0, 2, HOLD) 21
(5, 0, -1, 0, 3, HOLD) 2
(5, 7, 1, 0, 3, HOLD) 18
(4, 8, -1, 0, 2, HOLD) 39
(2, 6, -1, 0, 3, HOLD) 11
(6, 3, 1, 0, 2, DOWN) 8
(9, 6, 1, 0, 4, DOWN) 1
(9, 8, 1, 0, 2, HOLD) 20
(5, 9, -1, 0, 2, HOLD) 23
(6, 3, 1, 0, 3, HOLD) 17
(2, 8, -1, 0, 3, UP) 8
(3, 2, 1, 0, 2, DOWN) 7
(2, 8, 1, 0, 3, UP) 16
(3, 7, 1, 0, 2, HOLD) 11
(5, 7, 1, 0, 2, HOLD) 15
(9, 3, -1, 0, 3, HOLD) 4
(6, 2, -1, 0, 3, UP) 5
(5, 2, -1, 0, 3, UP) 9
(4, 2, -1, 0, 3, HOLD) 12
(2, 3, -1, 0, 2, DOWN) 30
(2, 1, 1, 0, 3, UP) 19
(4, 0, 1, 0, 1, HOLD) 4
(5, 0, 1, 0, 1, HOLD) 13
(6, 2, 1, 0, 3, UP) 17
(11, 1, -1, 0, 2, HOLD) 4
(8, 0, -1, 0, 3, HOLD) 4
(7, 0, -1, 0, 3, UP) 4
(6, 1, -1, 0, 3, UP) 3
(5, 2, -1, 0, 3, HOLD) 5
(6, 3, 1, 0, 3, UP) 15
(4, 6, 1, 0, 2, HOLD) 17
(6, 4, 1, 0, 3, UP) 6
(7, 4, 1, 0, 3, HOLD) 24
(6, 2, -1, 0, 3, HOLD) 6
(2, 7, -1, 0, 3, UP) 18
(5, 7, 1, 0, 3, UP) 15
(6, 3, -1, 0, 3, UP) 5
(6, 3, -1, 0, 3, HOLD) 2
(2, 3, 1, 0, 2, DOWN) 17
(3, 3, 1, 0, 2, HOLD) 16
(12, 3, -1, 0, 3, UP) 6
(7, 2, -1, 0, 3, HOLD) 1
(7, 2, -1, 0, 3, UP) 1
(9, 3, -1, 0, 2, HOLD) 34
(7, 2, -1, 0, 1, HOLD) 4
(6, 2, -1, 0, 1, HOLD) 8
(5, 1, -1, 0, 3, HOLD) 4
(4, 1, -1, 0, 3, HOLD) 11
(3, 1, -1, 0, 3, HOLD) 6
(2, 1, -1, 0, 3, UP) 2
(2, 0, -1, 0, 2, UP) 1
(1, 0, -1, 0, 2, HOLD) 4
(1, 0, -1, 0, 3, DOWN) 6
(0, 0, -1, 0, 2, UP) 8
(0, 0, 1, 0, 2, HOLD) 15
(9, 3, 1, 0, 3, HOLD) 11
(4, 8, 1, 0, 2, HOLD) 15
(5, 8, 1, 0, 2, HOLD) 17
(6, 7, 1, 0, 2, HOLD) 17
(7, 11, -1, 0, 2, HOLD) 1
(4, 8, -1, 0, 3, HOLD) 3
(6, 8, -1, 0, 2, HOLD) 4
(7, 11, -1, 0, 3, UP) 8
(1, 2, 1, 0, 4, DOWN) 20
(1, 1, 1, 0, 3, UP) 17
(11, 7, 1, 0, 2, DOWN) 4
(8, 5, -1, 0, 2, HOLD) 9
(7, 6, -1, 0, 2, HOLD) 8
(6, 6, -1, 0, 3, HOLD) 6
(2, 11, 1, 0, 3, HOLD) 21
(6, 8, 1, 0, 2, HOLD) 15
(7, 7, 1, 0, 2, HOLD) 13
(8, 0, -1, 0, 2, DOWN) 3
(7, 1, -1, 0, 1, HOLD) 2
(5, 3, -1, 0, 2, HOLD) 8
(5, 5, 1, 0, 3, UP) 15
(6, 6, -1, 0, 3, UP) 8
(4, 9, 1, 0, 2, HOLD) 15
(5, 9, 1, 0, 3, HOLD) 20
(5, 0, -1, 0, 1, HOLD) 9
(5, 8, -1, 0, 2, HOLD) 9
(6, 10, 1, 0, 2, HOLD) 17
(10, 10, 1, 0, 2, HOLD) 18
(5, 10, -1, 0, 2, HOLD) 33
(2, 11, -1, 0, 3, UP) 19
(4, 9, 1, 0, 3, HOLD) 16
(8, 7, 1, 0, 3, HOLD) 1
(3, 6, 1, 0, 2, HOLD) 19
(11, 5, 1, 0, 3, UP) 5
(5, 5, 1, 0, 3, HOLD) 17
(9, 5, -1, 0, 3, UP) 8
(7, 11, 1, 0, 3, UP) 5
(8, 11, 1, 0, 3, HOLD) 10
(10, 8, -1, 0, 4, DOWN) 1
(8, 7, -1, 0, 2, HOLD) 5
(7, 7, -1, 0, 2, HOLD) 12
(6, 7, -1, 0, 2, HOLD) 7
(6, 7, 1, 0, 3, HOLD) 19
(7, 7, 1, 0, 3, HOLD) 15
(6, 11, -1, 0, 2, HOLD) 20
(10, 5, -1, 0, 3, UP) 9
(7, 7, -1, 0, 3, HOLD) 6
(6, 7, -1, 0, 3, HOLD) 9
(0, 10, 1, 0, 3, UP) 15
(6, 11, 1, 0, 2, HOLD) 18
(6, 6, 1, 0, 4, DOWN) 5
(0, 8, -1, 0, 3, HOLD) 4
(4, 5, 1, 0, 3, HOLD) 15
(9, 3, 1, 0, 2, HOLD) 23
(7, 10, -1, 0, 3, HOLD) 65
(4, 6, -1, 0, 3, HOLD) 9
(12, 4, -1, 0, 2, UP) 4
(0, 0, 1, 0, 3, HOLD) 7
(1, 0, 1, 0, 3, HOLD) 16
(11, 4, -1, 0, 3, HOLD) 1
(5, 8, -1, 0, 3, HOLD) 65
(6, 8, 1, 0, 3, HOLD) 19
(0, 11, -1, 0, 3, UP) 16
(0, 11, 1, 0, 3, UP) 15
(1, 5, 1, 0, 2, HOLD) 17
(5, 8, 1, 0, 3, HOLD) 9
(9, 10, 1, 0, 3, HOLD) 17
(10, 11, 1, 0, 3, HOLD) 24
(5, 4, -1, 0, 2, HOLD) 16
(3, 2, -1, 0, 2, DOWN) 8
(9, 5, 1, 0, 3, UP) 10
(2, 11, 1, 0, 3, UP) 17
(4, 11, 1, 0, 2, HOLD) 7
(5, 10, 1, 0, 2, HOLD) 9
(5, 7, -1, 0, 3, HOLD) 31
(0, 10, -1, 0, 3, UP) 21
(3, 10, 1, 0, 3, HOLD) 18
(4, 10, 1, 0, 3, HOLD) 16
(6, 8, -1, 0, 3, UP) 25
(6, 8, -1, 0, 3, HOLD) 47
(5, 10, 1, 0, 3, HOLD) 18
(0, 8, 1, 0, 2, HOLD) 15
(4, 8, 1, 0, 3, HOLD) 2
(6, 8, 1, 0, 3, UP) 11
(5, 11, -1, 0, 2, HOLD) 24
(7, 1, 1, 0, 3, UP) 24
(11, 1, 1, 0, 3, UP) 2
(4, 11, 1, 0, 3, UP) 23
(5, 11, 1, 0, 2, HOLD) 6
(3, 5, -1, 0, 3, HOLD) 4
(3, 4, -1, 0, 3, HOLD) 18
(1, 4, -1, 0, 3, UP) 13
(2, 2, 1, 0, 3, UP) 22
(5, 11, -1, 0, 3, HOLD) 26
(2, 4, 1, 0, 3, HOLD) 18
(8, 3, -1, 0, 2, HOLD) 19
(7, 3, -1, 0, 2, HOLD) 8
(4, 3, -1, 0, 2, DOWN) 15
(5, 4, 1, 0, 2, HOLD) 17
(10, 5, 1, 0, 3, UP) 15
(4, 11, -1, 0, 3, UP) 10
(4, 11, -1, 0, 3, HOLD) 29
(3, 11, -1, 0, 3, HOLD) 26
(0, 10, -1, 0, 4, DOWN) 15
(0, 9, -1, 0, 4, DOWN) 13
(0, 9, 1, 0, 4, UP) 22
(0, 9, 1, 0, 4, DOWN) 9
(1, 9, 1, 0, 3, UP) 16
(1, 8, 1, 0, 3, UP) 8
(4, 7, 1, 0, 3, HOLD) 18
(6, 6, 1, 0, 3, UP) 8
(7, 5, 1, 0, 3, HOLD) 17
(7, 4, -1, 0, 2, DOWN) 2
(5, 5, -1, 0, 2, HOLD) 3
(3, 9, 1, 0, 3, UP) 20
(3, 9, -1, 0, 3, UP) 17
(3, 11, 1, 0, 3, HOLD) 19
(7, 11, 1, 0, 2, HOLD) 18
(9, 11, 1, 0, 3, HOLD) 18
(11, 11, 1, 0, 3, UP) 3
(10, 9, 1, 0, 3, UP) 3
(4, 4, -1, 0, 2, HOLD) 19
(5, 0, 1, 0, 3, UP) 15
(9, 9, 1, 0, 2, HOLD) 19
(7, 11, -1, 0, 3, HOLD) 100
(12, 5, -1, 0, 3, UP) 2
(8, 8, 1, 0, 2, HOLD) 7
(1, 4, 1, 0, 3, UP) 12
(5, 0, -1, 0, 3, UP) 4
(2, 1, -1, 0, 3, HOLD) 1
(2, 2, -1, 0, 4, DOWN) 4
(1, 2, -1, 0, 4, DOWN) 2
(1, 2, -1, 0, 4, UP) 1
(0, 2, -1, 0, 3, UP) 11
(2, 4, 1, 0, 2, HOLD) 15
(11, 8, 1, 0, 3, UP) 6
(2, 5, 1, 0, 2, HOLD) 15
(7, 5, -1, 0, 3, HOLD) 9
(1, 11, 1, 0, 3, UP) 16
(7, 8, 1, 0, 2, HOLD) 16
(11, 5, 1, 0, 3, HOLD) 15
(7, 9, -1, 0, 3, HOLD) 41
(6, 9, -1, 0, 3, HOLD) 52
(1, 11, -1, 0, 3, UP) 15
(7, 8, -1, 0, 3, UP) 24
(1, 10, 1, 0, 4, DOWN) 25
(1, 10, 1, 0, 4, UP) 13
(3, 10, 1, 0, 3, UP) 16
(6, 11, 1, 0, 3, HOLD) 9
(7, 11, 1, 0, 3, HOLD) 8
(8, 11, 1, 0, 3, UP) 5
(8, 11, -1, 0, 3, UP) 21
(8, 11, -1, 0, 3, HOLD) 79
(0, 3, 1, 0, 4, DOWN) 9
(1, 2, 1, 0, 4, UP) 14
(9, 10, -1, 0, 3, DOWN) 10
(8, 6, 1, 0, 2, HOLD) 16
(8, 6, -1, 0, 2, HOLD) 2
(3, 10, -1, 0, 3, UP) 18
(5, 6, 1, 0, 3, HOLD) 17
(2, 6, 1, 0, 3, HOLD) 15
(3, 6, 1, 0, 3, HOLD) 17
(11, 1, 1, 0, 2, HOLD) 12
(9, 11, -1, 0, 3, DOWN) 3
(3, 2, 1, 0, 3, UP) 14
(1, 10, -1, 0, 4, DOWN) 32
(6, 0, -1, 0, 4, DOWN) 6
(3, 2, -1, 0, 3, UP) 3
(0, 2, 1, 0, 4, DOWN) 17
(6, 0, 1, 0, 4, DOWN) 32
(7, 8, 1, 0, 3, UP) 20
(11, 5, 1, 0, 2, HOLD) 16
(5, 11, 1, 0, 3, UP) 15
(10, 9, 1, 0, 2, HOLD) 16
(5, 11, -1, 0, 3, UP) 16
(2, 10, -1, 0, 4, DOWN) 23
(1, 10, -1, 0, 4, UP) 21
(1, 9, -1, 0, 4, DOWN) 12
(0, 9, -1, 0, 4, UP) 6
(6, 5, 1, 0, 3, HOLD) 17
(6, 5, -1, 0, 3, HOLD) 6
(5, 5, -1, 0, 3, HOLD) 2
(5, 6, -1, 0, 3, HOLD) 15
(9, 8, -1, 0, 3, HOLD) 28
(8, 8, -1, 0, 3, HOLD) 51
(1, 9, 1, 0, 4, DOWN) 9
(6, 10, 1, 0, 3, HOLD) 19
(11, 11, 1, 0, 3, HOLD) 15
(4, 4, -1, 0, 3, HOLD) 4
(0, 2, 1, 0, 3, UP) 17
(5, 0, 1, 0, 4, DOWN) 30
(6, 0, 1, 0, 4, UP) 12
(8, 7, 1, 0, 3, UP) 1
(11, 11, 1, 0, 2, HOLD) 11
(0, 4, -1, 0, 3, UP) 9
(0, 4, 1, 0, 3, UP) 17
(6, 10, -1, 0, 3, HOLD) 49
(4, 0, 1, 0, 3, UP) 15
(10, 6, 1, 0, 4, DOWN) 1
(3, 1, 1, 0, 3, UP) 19
(0, 10, 1, 0, 4, DOWN) 12
(11, 9, 1, 0, 2, HOLD) 23
(9, 9, -1, 0, 3, DOWN) 21
(10, 1, 1, 0, 3, HOLD) 14
(11, 1, 1, 0, 3, HOLD) 16
(7, 4, 1, 0, 1, HOLD) 13
(2, 7, 1, 0, 2, DOWN) 8
(0, 4, 1, 0, 4, DOWN) 6
(0, 3, 1, 0, 4, UP) 10
(1, 3, 1, 0, 4, DOWN) 5
(12, 5, -1, 0, 3, HOLD) 1
(11, 5, -1, 0, 3, DOWN) 3
(7, 0, -1, 0, 4, DOWN) 3
(6, 0, -1, 0, 4, UP) 3
(3, 3, -1, 0, 3, HOLD) 4
(8, 5, 1, 0, 3, UP) 1
(6, 1, -1, 0, 2, HOLD) 3
(4, 0, -1, 0, 3, DOWN) 5
(4, 0, -1, 0, 3, UP) 2
(3, 0, -1, 0, 3, HOLD) 2
(3, 0, -1, 0, 2, UP) 4
(6, 6, 1, 0, 3, HOLD) 15
(8, 9, 1, 0, 3, UP) 21
(0, 6, 1, 0, 4, DOWN) 12
(10, 0, 1, 0, 2, DOWN) 11
(10, 2, -1, 0, 1, HOLD) 1
(0, 3, -1, 0, 4, DOWN) 20
(6, 4, 1, 0, 3, HOLD) 16
(10, 8, 1, 0, 3, HOLD) 15
(3, 6, 1, 0, 2, DOWN) 13
(6, 9, 1, 0, 3, HOLD) 15
(7, 9, 1, 0, 3, HOLD) 15
(0, 4, -1, 0, 4, DOWN) 5
(10, 1, -1, 0, 3, HOLD) 4
(9, 0, -1, 0, 2, HOLD) 3
(1, 4, -1, 0, 2, DOWN) 18
(0, 6, 1, 0, 2, DOWN) 16
(7, 4, -1, 0, 3, HOLD) 11
(6, 4, -1, 0, 3, HOLD) 8
(4, 5, 1, 0, 2, HOLD) 16
(3, 10, -1, 0, 4, DOWN) 30
(2, 10, -1, 0, 4, UP) 23
(4, 1, -1, 0, 3, UP) 4
(3, 1, -1, 0, 3, UP) 2
(2, 2, -1, 0, 3, UP) 2
(1, 3, -1, 0, 4, DOWN) 4
(0, 3, -1, 0, 4, UP) 4
(4, 1, 1, 0, 3, UP) 14
(7, 0, 1, 0, 4, DOWN) 13
(7, 0, 1, 0, 4, UP) 19
(6, 10, -1, 0, 2, DOWN) 7
(1, 2, -1, 0, 2, HOLD) 22
(1, 1, 1, 0, 3, HOLD) 18
(4, 5, -1, 0, 3, HOLD) 2
(1, 4, 1, 0, 2, DOWN) 6
(2, 9, -1, 0, 2, DOWN) 13
(0, 9, -1, 0, 2, DOWN) 12
(1, 2, 1, 0, 2, HOLD) 9
(5, 1, 1, 0, 4, DOWN) 16
(5, 1, 1, 0, 4, UP) 13
(9, 5, 1, 0, 1, HOLD) 15
(11, 1, -1, 0, 1, UP) 3
(5, 1, -1, 0, 4, UP) 1
(10, 4, 1, 0, 4, DOWN) 12
(12, 2, -1, 0, 3, DOWN) 1
(12, 1, -1, 0, 2, DOWN) 1
(7, 1, -1, 0, 3, UP) 2
(6, 1, -1, 0, 4, DOWN) 1
(3, 0, -1, 0, 3, UP) 2
(2, 0, -1, 0, 1, UP) 3
(2, 0, -1, 0, 2, DOWN) 3
(8, 1, 1, 0, 1, HOLD) 5
(6, 5, -1, 0, 2, DOWN) 5
(5, 6, -1, 0, 2, DOWN) 6
(6, 1, 1, 0, 4, DOWN) 12
(8, 2, 1, 0, 3, HOLD) 1
(9, 0, 1, 0, 1, HOLD) 13
(4, 6, 1, 0, 3, HOLD) 13
(4, 4, 1, 0, 2, HOLD) 15
(10, 1, 1, 0, 1, HOLD) 7
(11, 0, 1, 0, 2, DOWN) 3
(9, 11, -1, 0, 3, HOLD) 7
(0, 1, 1, 0, 3, HOLD) 9
(9, 9, 1, 0, 3, HOLD) 11
(10, 9, 1, 0, 3, HOLD) 15
(7, 6, 1, 0, 3, HOLD) 1
(11, 10, 1, 0, 2, HOLD) 15
(5, 2, -1, 0, 2, DOWN) 2
(5, 1, -1, 0, 2, HOLD) 1
(2, 0, -1, 0, 1, DOWN) 1
(1, 0, -1, 0, 2, DOWN) 1
(3, 0, 1, 0, 0, HOLD) 1
(7, 5, -1, 0, 1, HOLD) 5
(3, 10, 1, 0, 2, DOWN) 1
(10, 4, -1, 0, 2, HOLD) 1
(1, 6, 1, 0, 2, DOWN) 10
(2, 10, 1, 0, 4, UP) 22
(2, 10, 1, 0, 4, DOWN) 7
(0, 1, 1, 0, 2, HOLD) 10
(0, 1, -1, 0, 3, HOLD) 7
(4, 1, 1, 0, 4, DOWN) 4
(9, 11, 1, 0, 3, UP) 13
(8, 7, -1, 0, 3, HOLD) 3
(1, 11, -1, 0, 4, DOWN) 24
(2, 9, 1, 0, 2, DOWN) 10
(11, 4, 1, 0, 2, HOLD) 16
(1, 7, -1, 0, 4, DOWN) 3
(0, 6, -1, 0, 4, DOWN) 20
(0, 6, -1, 0, 4, UP) 6
(0, 6, 1, 0, 4, UP) 14
(10, 2, 1, 0, 3, HOLD) 4
(4, 0, 1, 0, 4, DOWN) 11
(4, 11, 1, 0, 3, HOLD) 13
(5, 11, 1, 0, 3, HOLD) 15
(3, 11, 1, 0, 3, UP) 16
(11, 8, 1, 0, 2, HOLD) 10
(3, 5, 1, 0, 3, HOLD) 2
(7, 6, -1, 0, 2, DOWN) 6
(5, 7, -1, 0, 2, HOLD) 2
(3, 11, -1, 0, 3, UP) 11
(1, 9, -1, 0, 3, UP) 4
(8, 1, -1, 0, 1, HOLD) 2
(0, 1, -1, 0, 2, HOLD) 17
(11, 4, 1, 0, 4, DOWN) 7
(11, 4, 1, 0, 4, UP) 7
(11, 5, -1, 0, 3, UP) 1
(6, 5, -1, 0, 1, HOLD) 4
(4, 5, -1, 0, 2, HOLD) 2
(4, 2, 1, 0, 4, DOWN) 2
(6, 1, 1, 0, 4, HOLD) 1
(12, 3, -1, 0, 2, UP) 4
(5, 1, 1, 0, 4, HOLD) 3
(6, 0, 1, 0, 4, HOLD) 15
(7, 1, 1, 0, 4, UP) 10
(9, 2, 1, 0, 3, HOLD) 1
(3, 4, 1, 0, 3, UP) 11
(8, 9, 1, 0, 3, HOLD) 2
(11, 0, 1, 0, 3, UP) 1
(5, 3, -1, 0, 1, HOLD) 9
(11, 6, 1, 0, 3, HOLD) 15
(7, 11, 1, 0, 2, DOWN) 10
(7, 5, 1, 0, 1, HOLD) 4
(10, 6, 1, 0, 3, UP) 8
(3, 4, -1, 0, 4, UP) 2
(11, 10, 1, 0, 3, HOLD) 5
(2, 11, -1, 0, 4, DOWN) 28
(0, 10, -1, 0, 4, UP) 12
(0, 10, 1, 0, 4, UP) 14
(11, 2, -1, 0, 3, UP) 1
(11, 2, -1, 0, 3, HOLD) 1
(10, 0, -1, 0, 3, HOLD) 1
(10, 0, -1, 0, 2, UP) 1
(2, 1, 1, 0, 4, DOWN) 19
(8, 10, 1, 0, 2, DOWN) 4
(12, 1, -1, 0, 2, HOLD) 3
(11, 0, -1, 0, 2, HOLD) 1
(1, 11, 1, 0, 4, DOWN) 17
(1, 11, -1, 0, 4, UP) 20
(11, 4, -1, 0, 2, HOLD) 1
(9, 5, -1, 0, 4, DOWN) 2
(3, 9, 1, 0, 4, DOWN) 3
(3, 8, 1, 0, 3, UP) 8
(4, 1, -1, 0, 2, DOWN) 2
(4, 2, -1, 0, 2, HOLD) 3
(0, 4, -1, 0, 1, HOLD) 6
(5, 0, 1, 0, 4, UP) 8
(5, 9, 1, 0, 3, UP) 18
(8, 8, 1, 0, 3, HOLD) 13
(9, 8, -1, 0, 3, DOWN) 7
(0, 11, 1, 0, 4, DOWN) 13
(3, 10, 1, 0, 4, DOWN) 12
(5, 9, -1, 0, 3, UP) 16
(4, 9, -1, 0, 4, DOWN) 10
(3, 9, -1, 0, 4, DOWN) 10
(3, 9, -1, 0, 4, UP) 7
(3, 6, -1, 0, 1, HOLD) 3
(3, 9, 1, 0, 4, UP) 4
(4, 8, 1, 0, 3, UP) 1
(10, 0, 1, 0, 1, HOLD) 3
(6, 1, 1, 0, 4, UP) 10
(5, 5, -1, 0, 2, DOWN) 1
(1, 6, 1, 0, 1, HOLD) 1
(2, 6, 1, 0, 1, HOLD) 5
(5, 4, 1, 0, 3, HOLD) 2
(11, 0, 1, 0, 2, HOLD) 18
(2, 11, -1, 0, 4, HOLD) 3
(1, 10, -1, 0, 4, HOLD) 15
(2, 1, 1, 0, 4, UP) 8
(4, 1, -1, 0, 1, HOLD) 5
(3, 1, -1, 0, 1, HOLD) 3
(1, 1, -1, 0, 2, DOWN) 3
(8, 0, 1, 0, 4, UP) 14
(0, 4, 1, 0, 1, HOLD) 4
(0, 5, 1, 0, 4, DOWN) 4
(1, 5, 1, 0, 4, UP) 8
(2, 4, 1, 0, 2, DOWN) 5
(3, 11, -1, 0, 4, DOWN) 11
(2, 11, -1, 0, 4, UP) 12
(1, 11, -1, 0, 4, HOLD) 6
(2, 2, 1, 0, 4, DOWN) 7
(5, 0, 1, 0, 4, HOLD) 15
(2, 4, -1, 0, 2, DOWN) 4
(0, 0, -1, 0, 2, HOLD) 3
(11, 9, 1, 0, 2, DOWN) 15
(2, 2, 1, 0, 4, UP) 7
(4, 7, 1, 0, 3, UP) 13
(5, 10, -1, 0, 4, DOWN) 27
(4, 10, -1, 0, 4, DOWN) 35
(4, 10, -1, 0, 4, UP) 20
(2, 11, 1, 0, 4, DOWN) 11
(2, 11, 1, 0, 4, UP) 15
(4, 10, 1, 0, 4, DOWN) 16
(4, 10, 1, 0, 4, UP) 8
(6, 10, 1, 0, 3, UP) 17
(9, 1, 1, 0, 3, HOLD) 3
(4, 6, 1, 0, 1, HOLD) 1
(2, 9, -1, 0, 4, DOWN) 6
(1, 9, -1, 0, 4, UP) 6
(0, 9, 1, 0, 4, HOLD) 1
(1, 10, 1, 0, 4, HOLD) 5
(5, 10, 1, 0, 4, UP) 13
(6, 10, -1, 0, 4, DOWN) 27
(3, 1, 1, 0, 4, UP) 18
(6, 10, -1, 0, 3, UP) 9
(3, 0, 1, 0, 4, DOWN) 18
(3, 1, 1, 0, 4, DOWN) 6
(7, 10, 1, 0, 3, UP) 17
(4, 0, 1, 0, 4, UP) 14
(4, 0, 1, 0, 4, HOLD) 3
(8, 3, -1, 0, 3, UP) 1
(5, 2, -1, 0, 2, HOLD) 1
(10, 10, 1, 0, 1, HOLD) 3
(7, 10, -1, 0, 3, UP) 9
(1, 9, 1, 0, 4, UP) 9
(2, 9, 1, 0, 4, UP) 2
(6, 7, 1, 0, 4, DOWN) 3
(3, 9, 1, 0, 2, DOWN) 6
(1, 5, 1, 0, 4, DOWN) 8
(12, 3, -1, 0, 4, DOWN) 1
(11, 4, -1, 0, 4, UP) 1
(10, 4, -1, 0, 4, DOWN) 5
(10, 4, -1, 0, 4, UP) 4
(5, 9, -1, 0, 4, DOWN) 15
(0, 11, -1, 0, 4, DOWN) 10
(0, 11, -1, 0, 4, UP) 9
(0, 11, 1, 0, 4, UP) 17
(1, 11, 1, 0, 4, UP) 18
(5, 10, 1, 0, 4, DOWN) 10
(5, 10, -1, 0, 4, UP) 21
(1, 11, 1, 0, 4, HOLD) 3
(2, 10, -1, 0, 4, HOLD) 5
(0, 9, -1, 0, 5, DOWN) 3
(0, 9, -1, 0, 6, DOWN) 7
(0, 9, 1, 0, 5, UP) 7
(1, 8, 1, 0, 4, UP) 3
(11, 2, -1, 0, 3, DOWN) 2
(5, 1, -1, 0, 1, HOLD) 5
(6, 9, -1, 0, 3, UP) 25
(3, 10, -1, 0, 4, UP) 24
(5, 4, -1, 0, 1, HOLD) 1
(1, 1, -1, 0, 3, UP) 4
(1, 1, -1, 0, 3, HOLD) 1
(3, 11, 1, 0, 4, DOWN) 10
(3, 11, 1, 0, 4, UP) 17
(0, 2, 1, 0, 4, UP) 5
(2, 0, 1, 0, 4, DOWN) 8
(3, 0, 1, 0, 4, UP) 6
(4, 11, 1, 0, 4, UP) 12
(5, 11, 1, 0, 4, DOWN) 4
(0, 7, 1, 0, 4, DOWN) 2
(12, 4, -1, 0, 4, DOWN) 2
(8, 7, -1, 0, 2, DOWN) 3
(9, 7, -1, 0, 4, DOWN) 1
(0, 2, -1, 0, 4, DOWN) 9
(8, 10, 1, 0, 3, UP) 15
(8, 9, -1, 0, 4, DOWN) 23
(8, 9, -1, 0, 4, UP) 14
(3, 11, -1, 0, 4, UP) 7
(3, 10, 1, 0, 4, UP) 14
(6, 9, 1, 0, 3, UP) 14
(4, 11, 1, 0, 4, DOWN) 4
(8, 9, 1, 0, 4, DOWN) 2
(9, 9, 1, 0, 3, UP) 3
(6, 9, -1, 0, 4, DOWN) 10
(6, 10, -1, 0, 4, UP) 13
(0, 11, -1, 0, 5, DOWN) 7
(0, 11, -1, 0, 6, DOWN) 17
(0, 11, 1, 0, 5, UP) 16
(0, 11, 1, 0, 6, DOWN) 13
(9, 9, -1, 0, 4, DOWN) 5
(7, 9, -1, 0, 4, DOWN) 2
(4, 11, -1, 0, 4, UP) 7
(0, 11, -1, 0, 5, UP) 8
(2, 9, 1, 0, 4, DOWN) 2
(4, 11, -1, 0, 4, DOWN) 8
(7, 1, 1, 0, 4, DOWN) 5
(11, 0, 1, 0, 3, HOLD) 3
(8, 8, -1, 0, 4, DOWN) 1
(3, 10, -1, 0, 5, DOWN) 7
(2, 10, -1, 0, 6, DOWN) 8
(2, 10, -1, 0, 5, UP) 8
(1, 10, -1, 0, 5, DOWN) 2
(2, 9, -1, 0, 4, UP) 10
(0, 9, 1, 0, 6, DOWN) 2
(2, 10, 1, 0, 5, DOWN) 4
(2, 10, 1, 0, 6, DOWN) 6
(2, 10, 1, 0, 5, UP) 7
(6, 10, 1, 0, 4, DOWN) 8
(6, 10, 1, 0, 4, UP) 8
(6, 11, -1, 0, 3, HOLD) 13
(0, 7, -1, 0, 1, HOLD) 3
(0, 7, 1, 0, 1, HOLD) 1
(8, 6, 1, 0, 1, HOLD) 2
(9, 4, -1, 0, 3, UP) 3
(8, 4, -1, 0, 3, HOLD) 3
(6, 3, 1, 0, 4, DOWN) 3
(7, 3, 1, 0, 4, DOWN) 4
(7, 3, 1, 0, 4, UP) 5
(9, 1, -1, 0, 0, HOLD) 2
(3, 0, -1, 0, 1, UP) 1
(3, 0, -1, 0, 1, DOWN) 1
(1, 0, -1, 0, 3, UP) 1
(2, 0, 1, 0, 3, UP) 3
(0, 8, 1, 0, 4, DOWN) 1
(0, 10, -1, 0, 5, DOWN) 2
(3, 0, -1, 0, 0, HOLD) 3
(2, 0, -1, 0, 0, HOLD) 4
(1, 0, -1, 0, 1, DOWN) 2
(1, 1, -1, 0, 1, HOLD) 1
(0, 1, -1, 0, 1, HOLD) 2
(1, 2, 1, 0, 2, DOWN) 1
(3, 11, -1, 0, 5, DOWN) 4
(2, 11, -1, 0, 6, DOWN) 12
(2, 11, -1, 0, 5, UP) 8
(4, 9, -1, 0, 4, UP) 4
(2, 10, -1, 0, 5, DOWN) 4
(2, 11, 1, 0, 5, DOWN) 1
(2, 11, 1, 0, 6, DOWN) 8
(2, 11, 1, 0, 5, UP) 8
(5, 6, 1, 0, 3, UP) 8
(8, 10, -1, 0, 4, DOWN) 4
(7, 10, -1, 0, 4, DOWN) 15
(7, 10, -1, 0, 4, UP) 7
(6, 11, -1, 0, 3, UP) 5
(1, 8, 1, 0, 4, DOWN) 1
(2, 8, 1, 0, 4, UP) 3
(6, 5, 1, 0, 3, UP) 7
(12, 2, -1, 0, 2, UP) 1
(2, 6, 1, 0, 3, UP) 6
(7, 9, 1, 0, 4, DOWN) 3
(3, 7, -1, 0, 4, DOWN) 10
(2, 7, -1, 0, 4, DOWN) 9
(2, 7, -1, 0, 4, UP) 7
(2, 11, -1, 0, 5, DOWN) 3
(2, 8, 1, 0, 4, DOWN) 1
(0, 6, 1, 0, 1, HOLD) 1
(6, 11, 1, 0, 1, HOLD) 1
(11, 8, 1, 0, 3, HOLD) 6
(1, 0, 1, 0, 4, DOWN) 1
(1, 1, 1, 0, 4, DOWN) 8
(7, 8, 1, 0, 4, DOWN) 9
(7, 8, 1, 0, 4, UP) 3
(8, 9, 1, 0, 4, UP) 2
(9, 10, 1, 0, 3, UP) 1
(7, 0, 1, 0, 5, DOWN) 5
(7, 0, 1, 0, 6, DOWN) 5
(7, 0, 1, 0, 5, UP) 5
(1, 11, -1, 0, 6, DOWN) 11
(1, 11, -1, 0, 5, UP) 10
(0, 8, 1, 0, 4, UP) 6
(8, 0, 1, 0, 4, DOWN) 4
(9, 6, -1, 0, 4, DOWN) 1
(1, 8, -1, 0, 3, UP) 9
(0, 7, -1, 0, 4, DOWN) 2
(1, 11, 1, 0, 5, UP) 11
(1, 10, 1, 0, 5, DOWN) 4
(4, 9, 1, 0, 4, UP) 4
(4, 9, 1, 0, 4, DOWN) 2
(8, 8, 1, 0, 3, UP) 7
(5, 9, -1, 0, 4, UP) 6
(1, 11, 1, 0, 6, DOWN) 8
(7, 10, 1, 0, 4, UP) 8
(7, 10, 1, 0, 4, DOWN) 6
(0, 2, 1, 0, 4, HOLD) 10
(1, 1, 1, 0, 4, UP) 7
(5, 9, 1, 0, 4, UP) 4
(9, 8, -1, 0, 4, DOWN) 1
(5, 4, -1, 0, 5, UP) 1
(2, 8, -1, 0, 4, UP) 4
(1, 9, 1, 0, 5, DOWN) 1
(4, 11, -1, 0, 5, DOWN) 3
(3, 11, -1, 0, 6, DOWN) 5
(3, 11, -1, 0, 5, UP) 4
(0, 9, -1, 0, 5, UP) 2
(1, 7, 1, 0, 4, DOWN) 2
(7, 8, -1, 0, 4, DOWN) 6
(5, 11, -1, 0, 4, DOWN) 11
(5, 9, 1, 0, 4, DOWN) 3
(8, 7, -1, 0, 1, HOLD) 1
(2, 7, 1, 0, 4, DOWN) 8
(2, 7, 1, 0, 4, UP) 4
(7, 8, -1, 0, 4, UP) 2
(3, 8, -1, 0, 4, DOWN) 1
(2, 8, -1, 0, 4, DOWN) 4
(6, 2, 1, 0, 4, DOWN) 4
(8, 1, 1, 0, 4, DOWN) 1
(7, 4, 1, 0, 4, DOWN) 1
(2, 3, 1, 0, 1, HOLD) 3
(5, 2, 1, 0, 4, DOWN) 8
(6, 2, 1, 0, 4, UP) 4
(4, 8, -1, 0, 3, UP) 2
(3, 7, -1, 0, 4, UP) 3
(2, 6, -1, 0, 3, UP) 8
(1, 5, -1, 0, 4, DOWN) 2
(0, 3, 1, 0, 4, HOLD) 1
(1, 2, 1, 0, 4, HOLD) 6
(6, 3, 1, 0, 4, UP) 4
(2, 5, -1, 0, 4, DOWN) 1
(1, 5, -1, 0, 4, UP) 1
(7, 3, -1, 0, 4, DOWN) 4
(3, 4, -1, 0, 2, DOWN) 4
(4, 7, -1, 0, 4, DOWN) 4
(1, 6, -1, 0, 4, DOWN) 7
(8, 1, 1, 0, 4, UP) 3
(2, 2, -1, 0, 4, HOLD) 1
(1, 2, -1, 0, 4, HOLD) 1
(0, 2, -1, 0, 4, UP) 2
(5, 2, 1, 0, 4, UP) 3
(6, 1, -1, 0, 3, HOLD) 2
(5, 1, -1, 0, 4, DOWN) 2
(3, 1, -1, 0, 4, DOWN) 3
(2, 1, -1, 0, 4, UP) 1
(2, 1, -1, 0, 4, DOWN) 2
(1, 1, -1, 0, 4, UP) 2
(10, 1, -1, 0, 0, HOLD) 4
(9, 2, -1, 0, 0, HOLD) 2
(6, 3, -1, 0, 1, HOLD) 1
(3, 2, 1, 0, 4, DOWN) 1
(3, 8, -1, 0, 3, UP) 2
(6, 0, 1, 0, 5, DOWN) 2
(11, 4, -1, 0, 4, DOWN) 1
(3, 11, 1, 0, 6, DOWN) 3
(3, 11, 1, 0, 5, UP) 4
(5, 11, -1, 0, 4, UP) 2
(6, 0, -1, 0, 4, HOLD) 1
(5, 0, -1, 0, 4, HOLD) 1
(5, 0, -1, 0, 4, DOWN) 1
(4, 0, -1, 0, 4, UP) 1
(4, 1, -1, 0, 4, DOWN) 1
(3, 1, -1, 0, 4, UP) 1
(3, 2, -1, 0, 4, DOWN) 1
(2, 2, -1, 0, 4, UP) 1
(0, 4, -1, 0, 4, UP) 1
(2, 6, 1, 0, 4, DOWN) 1
(3, 6, 1, 0, 4, DOWN) 3
(3, 7, 1, 0, 4, UP) 4
(0, 8, -1, 0, 4, UP) 2
(0, 8, -1, 0, 4, DOWN) 2
(3, 5, 1, 0, 3, UP) 3
(5, 7, -1, 0, 4, DOWN) 4
(3, 7, 1, 0, 4, DOWN) 3
(4, 7, 1, 0, 4, DOWN) 1
(5, 7, 1, 0, 4, DOWN) 3
(5, 7, 1, 0, 4, UP) 2
(3, 6, -1, 0, 4, UP) 4
(1, 4, -1, 0, 4, DOWN) 1
(3, 0, 1, 0, 4, HOLD) 3
(5, 3, 1, 0, 4, DOWN) 1
(2, 2, -1, 0, 2, DOWN) 3
(3, 1, 1, 0, 5, DOWN) 3
(3, 1, 1, 0, 6, DOWN) 1
(3, 1, 1, 0, 5, UP) 1
(4, 1, 1, 0, 4, UP) 2
(4, 2, 1, 0, 4, UP) 1
(6, 7, -1, 0, 4, DOWN) 2
(3, 6, -1, 0, 4, DOWN) 4
(1, 6, -1, 0, 4, UP) 3
(2, 5, 1, 0, 4, DOWN) 1
(9, 4, 1, 0, 4, DOWN) 1
(10, 4, 1, 0, 4, UP) 1
(6, 3, -1, 0, 4, DOWN) 1
(6, 3, -1, 0, 4, UP) 2
(9, 1, 1, 0, 0, HOLD) 1
(10, 1, 1, 0, 0, HOLD) 1
(10, 1, -1, 0, 0, DOWN) 1
(1, 0, -1, 0, 0, HOLD) 1
(0, 0, -1, 0, 2, DOWN) 1
(4, 9, -1, 0, 4, HOLD) 1
(1, 10, -1, 0, 6, DOWN) 1
(0, 11, -1, 0, 6, UP) 3
(0, 11, 1, 0, 6, UP) 5
(5, 11, 1, 0, 4, UP) 1
(1, 6, 1, 0, 4, UP) 2
(1, 6, 1, 0, 4, DOWN) 2
(1, 6, -1, 0, 3, UP) 1
(2, 1, 1, 0, 4, HOLD) 6
(8, 5, -1, 0, 3, HOLD) 1
(3, 5, -1, 0, 4, DOWN) 1
(2, 5, -1, 0, 4, UP) 1
(0, 2, -1, 0, 4, HOLD) 2
(7, 6, 1, 0, 0, HOLD) 1
(7, 7, 1, 0, 1, HOLD) 1
(10, 9, 1, 0, 1, HOLD) 1
(5, 10, -1, 0, 4, HOLD) 3
(12, 2, -1, 0, 1, HOLD) 1
(11, 2, 1, 0, 2, HOLD) 1
(4, 10, -1, 0, 4, HOLD) 3
(1, 9, -1, 0, 5, DOWN) 1
(4, 6, 1, 0, 3, UP) 2
(3, 1, -1, 0, 4, HOLD) 1
(2, 1, -1, 0, 4, HOLD) 1
(1, 1, 1, 0, 4, HOLD) 1
(0, 7, -1, 0, 4, UP) 1
(2, 5, 1, 0, 4, UP) 1
(9, 0, 1, 0, 4, DOWN) 1
(6, 4, 1, 0, 4, DOWN) 1
(1, 9, -1, 0, 1, HOLD) 2
(4, 10, 1, 0, 4, HOLD) 1
(0, 4, 1, 0, 4, UP) 2
(1, 4, 1, 0, 4, DOWN) 1
(2, 4, 1, 0, 4, DOWN) 1
(2, 4, 1, 0, 4, UP) 1
